timestamp,sent_count,received_count,error_count,total_throughput,interval_throughput,latency_ns_p25,latency_ns_p50,latency_ns_p75,latency_ns_p95,latency_ns_p99,latency_ns_min,latency_ns_max,latency_ns_mean,latency_ns_stddev,latency_sample_count,connections,active_connections,connection_attempts,connection_failures,crashes_injected,reconnects,reconnect_failures,duplicate_count,gap_count,interval_latency_ns_p50,interval_latency_ns_p95,interval_latency_ns_p99,interval_latency_ns_mean,interval_latency_sample_count
1790803427,0,0,0,0,0,0,0,0,0,0,0,0,0,0,0,0,0,20,0,0,0,0,0,0,0,0,0,0,0
1790803428,0,0,0,0,0,0,0,0,0,0,0,0,0,0,0,19,19,99,0,0,0,0,0,0,0,0,0,0,0
1790803429,0,0,0,0,0,0,0,0,0,0,0,0,0,0,0,100,100,100,0,0,0,0,0,0,0,0,0,0,0
1790803430,0,0,0,0,0,0,0,0,0,0,0,0,0,0,0,100,100,100,0,0,0,0,0,0,0,0,0,0,0
1790803431,0,0,0,0,0,0,0,0,0,0,0,0,0,0,0,100,100,100,0,0,0,0,0,0,0,0,0,0,0
1790803432,0,0,0,0,0,0,0,0,0,0,0,0,0,0,0,100,100,100,0,0,0,0,0,0,0,0,0,0,0
1790803433,0,0,0,0,0,0,0,0,0,0,0,0,0,0,0,100,100,100,0,0,0,0,0,0,0,0,0,0,0
1790803434,0,0,0,0,0,0,0,0,0,0,0,0,0,0,0,119,119,119,0,0,0,0,0,0,0,0,0,0,0
1790803435,0,0,0,0,0,0,0,0,0,0,0,0,0,0,0,200,200,200,0,0,0,0,0,0,0,0,0,0,0
1790803436,0,0,0,0,0,0,0,0,0,0,0,0,0,0,0,200,200,200,0,0,0,0,0,0,0,0,0,0,0
1790803437,0,0,0,0,0,0,0,0,0,0,0,0,0,0,0,200,200,200,0,0,0,0,0,0,0,0,0,0,0
1790803438,0,0,0,0,0,0,0,0,0,0,0,0,0,0,0,200,200,200,0,0,0,0,0,0,0,0,0,0,0
1790803439,0,0,0,0,0,0,0,0,0,0,0,0,0,0,0,200,200,200,0,0,0,0,0,0,0,0,0,0,0
1790803440,0,0,0,0,0,0,0,0,0,0,0,0,0,0,0,200,200,200,0,0,0,0,0,0,0,0,0,0,0
1790803441,0,0,0,0,0,0,0,0,0,0,0,0,0,0,0,219,219,219,0,0,0,0,0,0,0,0,0,0,0
1790803442,0,0,0,0,0,0,0,0,0,0,0,0,0,0,0,300,300,300,0,0,0,0,0,0,0,0,0,0,0
1790803443,0,0,0,0,0,0,0,0,0,0,0,0,0,0,0,300,300,300,0,0,0,0,0,0,0,0,0,0,0
1790803444,0,0,0,0,0,0,0,0,0,0,0,0,0,0,0,300,300,300,0,0,0,0,0,0,0,0,0,0,0
1790803445,0,0,0,0,0,0,0,0,0,0,0,0,0,0,0,300,300,300,0,0,0,0,0,0,0,0,0,0,0
1790803446,0,0,0,0,0,0,0,0,0,0,0,0,0,0,0,300,300,300,0,0,0,0,0,0,0,0,0,0,0
1790803447,0,0,0,0,0,0,0,0,0,0,0,0,0,0,0,300,300,300,0,0,0,0,0,0,0,0,0,0,0
1790803448,0,0,0,0,0,0,0,0,0,0,0,0,0,0,0,319,319,319,0,0,0,0,0,0,0,0,0,0,0
1790803449,0,0,0,0,0,0,0,0,0,0,0,0,0,0,0,400,400,400,0,0,0,0,0,0,0,0,0,0,0
1790803450,0,0,0,0,0,0,0,0,0,0,0,0,0,0,0,400,400,400,0,0,0,0,0,0,0,0,0,0,0
1790803451,0,0,0,0,0,0,0,0,0,0,0,0,0,0,0,400,400,400,0,0,0,0,0,0,0,0,0,0,0
1790803452,0,0,0,0,0,0,0,0,0,0,0,0,0,0,0,400,400,400,0,0,0,0,0,0,0,0,0,0,0
1790803453,0,0,0,0,0,0,0,0,0,0,0,0,0,0,0,400,400,400,0,0,0,0,0,0,0,0,0,0,0
1790803454,0,0,0,0,0,0,0,0,0,0,0,0,0,0,0,419,419,419,0,0,0,0,0,0,0,0,0,0,0
1790803455,0,0,0,0,0,0,0,0,0,0,0,0,0,0,0,500,500,500,0,0,0,0,0,0,0,0,0,0,0
1790803456,0,0,0,0,0,0,0,0,0,0,0,0,0,0,0,500,500,500,0,0,0,0,0,0,0,0,0,0,0
1790803457,0,0,0,0,0,0,0,0,0,0,0,0,0,0,0,500,500,500,0,0,0,0,0,0,0,0,0,0,0
1790803458,0,0,0,0,0,0,0,0,0,0,0,0,0,0,0,500,500,500,0,0,0,0,0,0,0,0,0,0,0
1790803459,0,0,0,0,0,0,0,0,0,0,0,0,0,0,0,500,500,500,0,0,0,0,0,0,0,0,0,0,0
1790803460,0,0,0,0,0,0,0,0,0,0,0,0,0,0,0,500,500,500,0,0,0,0,0,0,0,0,0,0,0
1790803461,0,0,0,0,0,0,0,0,0,0,0,0,0,0,0,519,519,519,0,0,0,0,0,0,0,0,0,0,0
1790803462,0,0,0,0,0,0,0,0,0,0,0,0,0,0,0,600,600,600,0,0,0,0,0,0,0,0,0,0,0
1790803463,0,0,0,0,0,0,0,0,0,0,0,0,0,0,0,600,600,600,0,0,0,0,0,0,0,0,0,0,0
1790803464,0,0,0,0,0,0,0,0,0,0,0,0,0,0,0,600,600,600,0,0,0,0,0,0,0,0,0,0,0
1790803465,0,0,0,0,0,0,0,0,0,0,0,0,0,0,0,600,600,600,0,0,0,0,0,0,0,0,0,0,0
1790803466,0,0,0,0,0,0,0,0,0,0,0,0,0,0,0,600,600,600,0,0,0,0,0,0,0,0,0,0,0
1790803467,0,0,0,0,0,0,0,0,0,0,0,0,0,0,0,600,600,600,0,0,0,0,0,0,0,0,0,0,0
1790803468,0,0,0,0,0,0,0,0,0,0,0,0,0,0,0,619,619,619,0,0,0,0,0,0,0,0,0,0,0
1790803469,0,0,0,0,0,0,0,0,0,0,0,0,0,0,0,700,700,700,0,0,0,0,0,0,0,0,0,0,0
1790803470,0,0,0,0,0,0,0,0,0,0,0,0,0,0,0,700,700,700,0,0,0,0,0,0,0,0,0,0,0
1790803471,0,0,0,0,0,0,0,0,0,0,0,0,0,0,0,700,700,700,0,0,0,0,0,0,0,0,0,0,0
1790803472,0,0,0,0,0,0,0,0,0,0,0,0,0,0,0,700,700,700,0,0,0,0,0,0,0,0,0,0,0
1790803473,0,0,0,0,0,0,0,0,0,0,0,0,0,0,0,700,700,700,0,0,0,0,0,0,0,0,0,0,0
1790803474,0,0,0,0,0,0,0,0,0,0,0,0,0,0,0,719,719,719,0,0,0,0,0,0,0,0,0,0,0
1790803475,0,0,0,0,0,0,0,0,0,0,0,0,0,0,0,800,800,800,0,0,0,0,0,0,0,0,0,0,0
1790803476,0,0,0,0,0,0,0,0,0,0,0,0,0,0,0,800,800,800,0,0,0,0,0,0,0,0,0,0,0
1790803477,0,0,0,0,0,0,0,0,0,0,0,0,0,0,0,800,800,800,0,0,0,0,0,0,0,0,0,0,0
1790803478,0,0,0,0,0,0,0,0,0,0,0,0,0,0,0,800,800,800,0,0,0,0,0,0,0,0,0,0,0
1790803479,0,0,0,0,0,0,0,0,0,0,0,0,0,0,0,800,800,800,0,0,0,0,0,0,0,0,0,0,0
1790803480,0,0,0,0,0,0,0,0,0,0,0,0,0,0,0,800,800,800,0,0,0,0,0,0,0,0,0,0,0
1790803481,0,0,0,0,0,0,0,0,0,0,0,0,0,0,0,819,819,819,0,0,0,0,0,0,0,0,0,0,0
1790803482,0,0,0,0,0,0,0,0,0,0,0,0,0,0,0,900,900,900,0,0,0,0,0,0,0,0,0,0,0
1790803483,0,0,0,0,0,0,0,0,0,0,0,0,0,0,0,900,900,900,0,0,0,0,0,0,0,0,0,0,0
1790803484,0,0,0,0,0,0,0,0,0,0,0,0,0,0,0,900,900,900,0,0,0,0,0,0,0,0,0,0,0
1790803485,0,0,0,0,0,0,0,0,0,0,0,0,0,0,0,900,900,900,0,0,0,0,0,0,0,0,0,0,0
1790803486,0,0,0,0,0,0,0,0,0,0,0,0,0,0,0,900,900,900,0,0,0,0,0,0,0,0,0,0,0
1790803487,0,0,0,0,0,0,0,0,0,0,0,0,0,0,0,900,900,900,0,0,0,0,0,0,0,0,0,0,0
1790803488,0,0,0,0,0,0,0,0,0,0,0,0,0,0,0,919,919,919,0,0,0,0,0,0,0,0,0,0,0
1790803489,0,2663,0,4241.41,2662.64,870569.54,1218166.78,1666619.95,7577554.39,21064753.37,337408,34537471,2171426.03,3889760.74,2663,1000,1000,1000,0,0,0,0,0,0,1218166.78,7577554.39,21064753.37,2171426.03,2663
1790803490,0,20444,0,21720.67,17780.35,840541.24,1197082.65,1644734.89,8252009.19,17239451.12,292352,34537471,1904014.54,2954434.91,20444,1000,1000,1000,0,0,0,0,0,0,1193179.68,8990538.74,13468080.42,1863965.23,17781
1790803491,0,40441,0,20782.79,19997.88,817283.09,1142938.65,1486388.01,2600653.83,15108121.18,292352,34537471,1525492.95,2200353.42,40441,1000,1000,1000,0,0,0,0,0,0,1096336.28,1874253.85,2387402.95,1138510.14,19997
1790803492,0,60432,0,20507.32,19990.28,809416.98,1130727.92,1474050.52,2320532.99,12120097.63,292352,34537471,1404822.94,1841637.92,60432,1000,1000,1000,0,0,0,0,0,0,1105036.73,1999821.52,2496617.44,1160712.29,19991
1790803493,0,80424,0,20375.26,19992.35,815222.72,1136856.90,1478998.29,2209798.59,10269919.40,292352,34537471,1352262.59,1623085.65,80424,1000,1000,1000,0,0,0,0,0,0,1156656.17,1950375.41,2423214.58,1193382.68,19992
1790803494,0,100433,0,20300.22,20009.07,817785.09,1141738.56,1484623.17,2163160.98,8889384.55,292352,34537471,1323705.52,1476500.32,100433,1000,1000,1000,0,0,0,0,0,0,1159131.12,2029222.99,2693437.42,1208923.50,20009
1790803495,0,120440,0,20250.45,20006.85,814343.88,1135307.48,1476235.37,2098633.61,3694601.20,292352,34537471,1294158.62,1366540.48,120440,1000,1000,1000,0,0,0,0,0,0,1104716.84,1864745.23,2360351.91,1145836.32,20007
1790803496,0,140436,0,20213.58,19995.37,795742.17,1105387.93,1439565.54,2021835.13,3417636.06,292352,34537471,1250962.78,1279700.01,140436,1000,1000,1000,0,0,0,0,0,0,967880.77,1588978.25,1925883.26,990785.43,19996
1790803497,0,160444,0,20187.75,20008.84,773802.61,1071139.40,1396707.48,1965824.64,3218585.76,292352,34537471,1208171.96,1209878.86,160444,1000,1000,1000,0,0,0,0,0,0,896503.02,1432474.69,1696200.95,907823.47,20008
1790803498,0,180437,0,20165.95,19992.75,765279.01,1058618.24,1373697.28,1922212.81,3104438.21,292352,34537471,1184370.92,1151229.88,180437,1000,1000,1000,0,0,0,0,0,0,976905.99,1550017.50,1877746.93,993367.36,19993
1790803499,0,200428,0,20148.38,19991.32,769438.37,1063475.42,1381276.20,1906824.27,3014502.78,292352,34537471,1180316.78,1101892.39,200428,1000,1000,1000,0,0,0,0,0,0,1104623.31,1819101.06,2271782.88,1143724.48,19991
1790803500,0,220436,0,20135.48,20007.76,774479.34,1071936.75,1394083.43,1907023.03,2950407.23,292352,34537471,1181781.65,1061725.37,220436,1000,1000,1000,0,0,0,0,0,0,1161380.72,1921973.40,2430739.16,1196455.85,20008
1790803501,0,240435,0,20124.05,19998.94,779774.79,1079530.97,1406724.66,1928047.30,3092572.31,292352,34537471,1192642.98,1067168.00,240435,1000,1000,1000,0,0,0,0,0,0,1179371.02,2353741.26,4827839.96,1312360.32,19999
1790803502,0,260434,0,20114.34,19999.42,782744.24,1084003.84,1412306.96,1919884.79,3041278.56,292352,34537471,1191155.20,1033584.99,260434,1000,1000,1000,0,0,0,0,0,0,1135819.14,1861337.81,2502908.56,1173268.67,19999
1790803503,0,280439,0,20106.50,20004.35,785757.87,1088422.88,1418751.11,1921285.01,2992789.85,292352,34537471,1191110.05,1004390.76,280439,1000,1000,1000,0,0,0,0,0,0,1149323.32,1907111.75,2516918.31,1190522.25,20005
1790803504,0,300440,0,20099.44,20001.42,788214.99,1092090.14,1424003.59,1920638.55,3006859.75,292352,34537471,1191557.71,980365.08,300440,1000,1000,1000,0,0,0,0,0,0,1148296.45,1983698.09,2708400.41,1197834.41,20001
1790803505,0,320435,0,20092.96,19995.15,790406.44,1095759.53,1429275.31,1929971.25,3002818.39,292352,34537471,1192887.04,959050.26,320435,1000,1000,1000,0,0,0,0,0,0,1160402.84,2066669.34,2739829.22,1212861.21,19995
1790803506,0,340431,0,20087.24,19996.49,786691.46,1089576.61,1420490.36,1915949.79,2956051.70,292352,34537471,1183815.21,936961.86,340431,1000,1000,1000,0,0,0,0,0,0,1002184.26,1710336.28,2041716.12,1038439.55,19996
1790803507,0,360431,0,20082.32,19999.90,787771.18,1090911.82,1421251.64,1912069.06,2976088.96,292352,34537471,1182703.11,918607.49,360431,1000,1000,1000,0,0,0,0,0,0,1115138.84,1904451.61,2821181.46,1163773.52,20000
1790803508,0,380430,0,20077.99,19998.92,787837.04,1091098.36,1420827.54,1904588.27,2935907.29,292352,34537471,1179674.15,899682.79,380430,1000,1000,1000,0,0,0,0,0,0,1093620.07,1788063.72,2205329.06,1125084.81,19999
1790803509,0,400440,0,20074.52,20009.33,784434.83,1085457.68,1411994.88,1890886.83,2899609.58,292352,34537471,1171713.70,882018.63,400440,1000,1000,1000,0,0,0,0,0,0,992105.16,1638484.36,1996074.37,1020369.67,20010
1790803510,0,420434,0,20070.60,19994.06,777554.03,1074957.22,1399113.37,1874873.72,2858875.83,267520,34537471,1160324.34,865882.18,420434,1000,1000,1000,0,0,0,0,0,0,909788.97,1464138.72,1796363.93,932218.15,19994
1790803511,0,440432,0,20067.29,19997.30,778248.42,1075946.88,1401006.60,1878765.37,2862166.97,267520,34537471,1160310.66,853721.06,440432,1000,1000,1000,0,0,0,0,0,0,1097015.91,1984580.69,2752809.83,1160022.98,19998
1790803512,0,460430,0,20064.26,19997.89,778800.90,1076607.22,1402407.60,1877035.89,2845928.31,267520,34537471,1159322.51,840618.04,460430,1000,1000,1000,0,0,0,0,0,0,1092439.94,1841898.44,2396298.38,1137559.88,19998
1790803513,0,480433,0,20061.74,20004.13,780129.84,1079090.74,1405603.87,1880164.39,2856805.01,267520,34537471,1161936.88,838554.86,480433,1000,1000,1000,0,0,0,0,0,0,1137073.67,1950553.85,3911478.94,1222114.47,20003
1790803514,0,500434,0,20059.28,20000.24,781211.32,1081196.04,1408325.15,1878418.46,2837899.87,267520,34537471,1161878.95,826500.25,500434,1000,1000,1000,0,0,0,0,0,0,1130668.25,1863452.76,2290664.68,1160487.41,20001
1790803515,0,520433,0,20056.95,19998.66,779138.59,1078195.57,1404647.81,1869578.76,2814605.12,267520,34537471,1157418.27,815141.32,520433,1000,1000,1000,0,0,0,0,0,0,1009478.21,1690603.80,2102495.63,1045798.94,19999
1790803516,0,540437,0,20055.01,20004.82,778307.62,1076864.40,1402724.93,1861596.71,2787258.75,267520,34537471,1154305.11,804088.44,540437,1000,1000,1000,0,0,0,0,0,0,1044461.60,1714587.59,1974934.62,1073311.73,20004
1790803517,0,560437,0,20053.06,20000.60,778961.90,1078219.20,1404142.89,1861391.40,2776931.87,267520,34537471,1154187.93,794602.02,560437,1000,1000,1000,0,0,0,0,0,0,1109397.43,1862648.45,2451038.23,1151021.45,20000
1790803518,0,580436,0,20051.15,19998.49,779025.65,1078331.96,1404529.55,1861298.94,2774212.53,267520,34537471,1153304.50,785875.96,580436,1000,1000,1000,0,0,0,0,0,0,1081841.82,1876460.85,2418822.38,1128547.93,19999
1790803519,0,600441,0,20049.65,20005.44,776764.27,1074600.28,1400725.05,1855560.00,2763638.16,267520,34537471,1149326.18,777085.89,600441,1000,1000,1000,0,0,0,0,0,0,989002.03,1674059.95,2264554.09,1033897.24,20005
1790803520,0,620437,0,20047.89,19994.49,773988.08,1069921.80,1395408.18,1849692.39,2744592.92,267520,34537471,1144259.09,768522.14,620437,1000,1000,1000,0,0,0,0,0,0,955095.85,1654908.36,2031243.67,992103.97,19996
1790803521,0,640440,0,20046.46,20003.96,773795.88,1069653.84,1394800.68,1847064.23,2734916.34,267520,34537471,1142995.02,760587.79,640440,1000,1000,1000,0,0,0,0,0,0,1061863.50,1778539.36,2391666.26,1103787.35,20003
1790803522,0,660435,0,20044.92,19994.69,773377.63,1068946.72,1394269.86,1850281.03,2732366.37,267520,34537471,1142084.00,753766.70,660435,1000,1000,1000,0,0,0,0,0,0,1047148.72,1933966.01,2542919.27,1112903.74,19995
1790803523,0,680427,0,20043.38,19992.38,773991.90,1070115.89,1395833.69,1850602.69,2732697.56,267520,34537471,1142384.52,747089.39,680427,1000,1000,1000,0,0,0,0,0,0,1107577.83,1877260.83,2589016.23,1152312.21,19992
1790803524,0,700436,0,20042.35,20008.79,775486.42,1072802.46,1400115.35,1858851.50,2779377.00,267520,34537471,1147130.95,752323.10,700436,1000,1000,1000,0,0,0,0,0,0,1175309.14,2325354.33,4480215.84,1308538.32,20009
1790803525,0,720433,0,20041.14,19997.67,776728.98,1075090.15,1403486.04,1859956.98,2774781.06,267520,34537471,1148481.91,745984.56,720433,1000,1000,1000,0,0,0,0,0,0,1164706.24,1900686.64,2491296.32,1195802.04,19997
1790803526,0,740431,0,20039.95,19998.19,777870.86,1076850.85,1405971.19,1859255.12,2764177.34,267520,34537471,1149145.58,739728.25,740431,1000,1000,1000,0,0,0,0,0,0,1147426.89,1836281.29,2350706.21,1173054.58,19998
1790803527,0,760428,0,20038.89,19996.37,778515.22,1077736.15,1406608.09,1856810.71,2760297.44,267520,34537471,1148977.84,733625.95,760428,1000,1000,1000,0,0,0,0,0,0,1105756.62,1761868.86,2425654.62,1142766.82,19997
1790803528,0,780433,0,20037.97,20005.15,778984.13,1078618.47,1407208.64,1853170.45,2748654.17,267520,34537471,1148465.16,727425.81,780433,1000,1000,1000,0,0,0,0,0,0,1108048.64,1771401.78,2149984.69,1128977.34,20005
1790803529,0,800441,0,20037.24,20009.15,779223.81,1078680.59,1406915.11,1849853.61,2743380.25,267520,34537471,1147596.65,721665.03,800441,1000,1000,1000,0,0,0,0,0,0,1078558.73,1750050.72,2281362.09,1113719.57,20008
1790803530,0,820434,0,20036.05,19991.97,778095.03,1077002.77,1405163.56,1846854.97,2732939.57,267520,34537471,1145464.95,716029.40,820434,1000,1000,1000,0,0,0,0,0,0,1016870.00,1733412.45,2198511.79,1060120.11,19993
1790803531,0,840436,0,20035.32,20001.91,777222.77,1075561.20,1403410.77,1845138.88,2721777.75,267520,34537471,1143694.17,710897.94,840436,1000,1000,1000,0,0,0,0,0,0,1023507.63,1789343.01,2260437.28,1071061.01,20002
1790803532,0,860431,0,20034.42,19995.82,776929.87,1075028.74,1402317.83,1841904.06,2709240.95,267520,34537471,1142308.04,705532.20,860431,1000,1000,1000,0,0,0,0,0,0,1051824.25,1730024.54,2162499.56,1084045.56,19995
1790803533,0,880440,0,20033.79,20007.76,777493.99,1076342.39,1404340.72,1845687.35,2703973.80,267520,34537471,1143146.40,701373.34,880440,1000,1000,1000,0,0,0,0,0,0,1135656.22,1943400.95,2423734.79,1179197.82,20009
1790803534,0,900435,0,20032.98,19995.67,778318.55,1078139.14,1407554.90,1848874.27,2702326.74,267520,34537471,1144611.77,697577.62,900435,1000,1000,1000,0,0,0,0,0,0,1169504.97,1933775.60,2536222.02,1209136.51,19995
1790803535,0,920431,0,20032.14,19995.60,778907.31,1079010.27,1408652.64,1848407.70,2691620.23,267520,34537471,1144811.01,693034.78,920431,1000,1000,1000,0,0,0,0,0,0,1117036.44,1832022.16,2262545.03,1153782.87,19996
1790803536,0,940431,0,20031.46,20000.22,778448.30,1078478.97,1407966.20,1850387.33,2713451.72,267520,34537471,1145098.35,694392.99,940431,1000,1000,1000,0,0,0,0,0,0,1051263.74,2006844.70,3760575.41,1158322.34,20000
1790803537,0,960436,0,20030.88,20004.57,777665.90,1077249.60,1406402.71,1849101.40,2707094.44,267520,34537471,1143672.00,690496.92,960436,1000,1000,1000,0,0,0,0,0,0,1029546.05,1851381.02,2399103.95,1076619.49,20005
1790803538,0,980434,0,20030.22,19998.10,778439.40,1078437.47,1407919.47,1849726.01,2705805.09,267520,34537471,1144324.28,686714.99,980434,1000,1000,1000,0,0,0,0,0,0,1135598.28,1895773.65,2384801.29,1175650.95,19998
1790803539,0,1000434,0,20029.62,19999.60,779361.11,1079937.36,1410047.17,1851264.87,2710565.92,267520,34537471,1145515.08,683792.88,1000434,1000,1000,1000,0,0,0,0,0,0,1157958.01,1966502.22,2740510.80,1203890.16,20000
1790803540,0,1020433,0,20029.03,19999.37,780073.24,1081018.32,1411451.66,1850274.00,2700577.17,267520,34537471,1145858.82,679794.76,1020433,1000,1000,1000,0,0,0,0,0,0,1135477.21,1810919.47,2214688.12,1163053.98,19999
1790803541,0,1040441,0,20028.61,20007.88,781074.46,1082723.87,1413830.45,1854479.96,2706503.79,267520,34537471,1147414.01,677009.87,1040441,1000,1000,1000,0,0,0,0,0,0,1176470.75,2048333.61,2776689.23,1226730.93,20008
1790803542,0,1060430,0,20027.88,19989.39,781733.20,1083662.96,1414983.32,1854339.43,2703059.52,267520,34537471,1147820.48,673473.81,1060430,1000,1000,1000,0,0,0,0,0,0,1132664.36,1869265.43,2426811.53,1168977.24,19989
1790803543,0,1080430,0,20027.38,20000.67,782362.11,1084461.00,1416181.44,1853883.70,2698916.95,267520,34537471,1148151.44,670206.71,1080430,1000,1000,1000,0,0,0,0,0,0,1125104.56,1836185.32,2437100.57,1165699.49,20000
1790803544,0,1100426,0,20026.71,19995.46,782980.91,1085308.89,1417304.16,1854510.49,2692350.57,267520,34537471,1148568.33,666846.82,1100426,1000,1000,1000,0,0,0,0,0,0,1132937.01,1880723.41,2375190.86,1171094.11,19996
1790803545,0,1120434,0,20026.45,20007.73,783527.89,1086020.87,1417960.44,1854355.26,2687420.83,267520,34537471,1148740.55,663576.14,1120434,1000,1000,1000,0,0,0,0,0,0,1127888.99,1854660.66,2389224.99,1158212.56,20008
1790803546,0,1140431,0,20025.92,19996.99,784049.86,1086886.45,1418821.17,1854351.74,2687786.41,267520,34537471,1149332.68,662645.59,1140431,1000,1000,1000,0,0,0,0,0,0,1131789.94,1871893.12,2923810.17,1182509.54,19997
1790803547,0,1160429,0,20025.44,19998.06,784621.91,1087765.94,1419864.78,1855703.33,2695152.98,267520,34537471,1150386.66,664703.39,1160429,1000,1000,1000,0,0,0,0,0,0,1137564.28,2014001.87,3425398.72,1210492.11,19998
1790803548,0,1180433,0,20025.12,20003.40,784877.56,1088410.54,1420786.76,1854908.91,2690050.45,267520,34537471,1150572.72,661701.83,1180433,1000,1000,1000,0,0,0,0,0,0,1123651.95,1849615.74,2401158.60,1161366.20,20004
1790803549,0,1200804,0,20030.72,20371.53,783653.53,1086553.11,1419605.88,1854306.95,2686739.58,267520,34537471,1149081.55,658904.40,1200804,1000,1000,1000,0,0,0,0,0,0,996966.83,1798094.69,2318357.27,1062673.41,20371
1790803550,0,1222412,0,20056.74,21608.05,781506.75,1083283.98,1415940.29,1851223.34,2674863.23,267520,34537471,1145982.03,655553.48,1222412,1000,1000,1000,0,0,0,0,0,0,938896.49,1622126.93,2089991.15,973734.45,21608
1790803551,0,1242415,0,20055.88,20003.04,781946.47,1083917.57,1416695.40,1852781.57,2672347.73,267520,34537471,1146335.23,652840.32,1242415,1000,1000,1000,0,0,0,0,0,0,1127417.06,1931179.15,2411495.09,1167920.07,20003
1790803552,0,1262414,0,20054.97,19998.91,782381.38,1084485.90,1417269.07,1852820.03,2671408.31,267520,34537471,1146498.76,650190.74,1262414,1000,1000,1000,0,0,0,0,0,0,1115074.43,1897992.86,2404159.40,1156657.61,19999
1790803553,0,1282414,0,20054.13,20000.54,782928.69,1085345.42,1418416.21,1853245.41,2666367.83,267520,34537471,1146964.81,647616.02,1282414,1000,1000,1000,0,0,0,0,0,0,1141094.83,1892063.67,2395980.82,1176382.60,20000
1790803554,0,1302405,0,20053.15,19990.10,783547.99,1086107.40,1419274.53,1853578.81,2663392.95,267520,34537471,1147388.00,645096.83,1302405,1000,1000,1000,0,0,0,0,0,0,1136828.22,1886144.41,2389545.80,1174535.13,19991
1790803555,0,1322411,0,20052.41,20005.63,784060.09,1086937.07,1420257.10,1853914.49,2665281.46,267520,34537471,1147865.70,642792.02,1322411,1000,1000,1000,0,0,0,0,0,0,1136946.31,1917780.56,2476811.87,1178964.15,20006
1790803556,0,1342412,0,20051.63,20001.77,784489.94,1087658.10,1421126.34,1855090.08,2664359.15,267520,34537471,1148355.69,640929.94,1342412,1000,1000,1000,0,0,0,0,0,0,1136999.12,1924954.81,2555965.15,1180752.60,20001
1790803557,0,1362419,0,20050.95,20007.60,784940.59,1088287.80,1421770.85,1854731.53,2663341.94,267520,34537471,1148629.02,638769.02,1362419,1000,1000,1000,0,0,0,0,0,0,1125535.40,1852145.94,2562698.14,1166968.62,20007
1790803558,0,1382410,0,20050.10,19989.88,785441.07,1088834.87,1422363.18,1854526.57,2660519.43,267520,34537471,1148905.11,636525.56,1382410,1000,1000,1000,0,0,0,0,0,0,1127550.70,1841618.97,2567404.01,1167721.62,19991
1790803559,0,1402411,0,20049.45,20001.66,785768.38,1089402.99,1423090.05,1855076.40,2657334.95,267520,34537471,1149161.62,634299.94,1402411,1000,1000,1000,0,0,0,0,0,0,1123319.42,1881591.96,2438799.61,1166890.45,20001
1790803560,0,1422403,0,20048.63,19992.64,786045.65,1089761.29,1423285.58,1855242.57,2658241.62,267520,34537471,1149217.86,632169.50,1422403,1000,1000,1000,0,0,0,0,0,0,1109614.05,1882372.53,2484106.52,1153163.40,19992
1790803561,0,1442416,0,20048.11,20011.92,785360.16,1088557.25,1421691.96,1852751.16,2651811.78,267520,34537471,1147864.30,629642.11,1442416,1000,1000,1000,0,0,0,0,0,0,1021257.61,1678734.00,2025527.64,1051660.91,20013
1790803562,0,1462416,0,20047.42,19999.59,783314.84,1085592.11,1417632.32,1848802.04,2641319.12,267520,34537471,1144831.76,627098.45,1462416,1000,1000,1000,0,0,0,0,0,0,913247.61,1428599.83,1699383.73,926123.05,20000
1790803563,0,1482411,0,20046.80,19995.69,783054.38,1085327.03,1417071.51,1846991.65,2636791.70,267520,34537471,1144152.42,624846.59,1482411,1000,1000,1000,0,0,0,0,0,0,1062660.36,1756687.62,2204920.36,1094465.80,19995
1790803564,0,1502412,0,20046.10,20001.22,782689.11,1084792.03,1416321.24,1847629.31,2637957.11,267520,34537471,1143591.03,623055.69,1502412,1000,1000,1000,0,0,0,0,0,0,1048874.76,1930670.44,2416698.13,1101982.78,20001
1790803565,0,1522407,0,20045.43,19994.43,782393.70,1084256.35,1415607.07,1844992.30,2629800.35,267520,34537471,1142651.85,620654.63,1522407,1000,1000,1000,0,0,0,0,0,0,1048173.16,1700728.31,1948942.94,1072082.50,19995
1790803566,0,1542414,0,20045,20007.16,782736.72,1084702.15,1415997.23,1844033.17,2627715.36,267520,34537471,1142869.64,619608.77,1542414,1000,1000,1000,0,0,0,0,0,0,1118661.24,1798671.66,2686934.36,1159441.92,20007
1790803567,0,1562413,0,20044.33,19998.48,782654.20,1084527.47,1415822.77,1844745.85,2629976.18,267520,34537471,1142712.79,618003.03,1562413,1000,1000,1000,0,0,0,0,0,0,1069048.60,1919989.78,2615588.70,1130615.80,19999
1790803568,0,1582417,0,20043.87,20005.23,783156.92,1085183.57,1416663.32,1845456.27,2625809.61,267520,34537471,1143104.78,616191.28,1582417,1000,1000,1000,0,0,0,0,0,0,1141555.47,1902730.03,2377276.94,1173720.97,20004
1790803569,0,1602412,0,20043.22,19993.71,783493.44,1085679.82,1417246.31,1845448.05,2622134.20,267520,34537471,1143327.75,614281.45,1602412,1000,1000,1000,0,0,0,0,0,0,1131375.66,1849779.54,2287148.35,1160973.61,19995
1790803570,0,1622406,0,20042.63,19994.36,783836.52,1086335.58,1417922.71,1846597.87,2621163.80,267520,34537471,1143824.11,613502.48,1622406,1000,1000,1000,0,0,0,0,0,0,1136107.49,1937507.69,2847846.97,1183605.03,19994
1790803571,0,1642409,0,20042.16,20004.02,784429.23,1087286.19,1419251.22,1850856.57,2635251.98,267520,34537471,1145208.66,613681.46,1642409,1000,1000,1000,0,0,0,0,0,0,1173521.17,2307546.63,3390799.90,1257506.59,20003
1790803572,0,1662415,0,20041.72,20005.06,784849.52,1087773.03,1419773.79,1850409.00,2633556.43,267520,34537471,1145415.69,611968.74,1662415,1000,1000,1000,0,0,0,0,0,0,1127594.93,1845130.20,2460124.25,1162412.58,20006
1790803573,0,1682415,0,20041.22,19999.17,785017.74,1088038.85,1420091.16,1851157.01,2636169.33,267520,34537471,1145638.93,610601.79,1682415,1000,1000,1000,0,0,0,0,0,0,1108663.06,1948997.55,2638500.99,1164194.91,20000
1790803574,0,1702412,0,20040.72,19997.54,785308.92,1088540.00,1420828.03,1852325.29,2642206.84,267520,34537471,1146245.37,610317.74,1702412,1000,1000,1000,0,0,0,0,0,0,1128968.50,1955383.92,3094936.05,1197266.99,19997
1790803575,0,1722410,0,20040.18,19998.01,785687.83,1089205.61,1421483.76,1853974.32,2648651.81,267520,34537471,1146888.06,609476.36,1722410,1000,1000,1000,0,0,0,0,0,0,1149078.06,2013281.31,2983691.06,1201599.19,19998
1790803576,0,1742408,0,20039.72,19998.56,785984.72,1089763.36,1422087.46,1854947.44,2652947.80,267520,34537471,1147275.49,608165.32,1742408,1000,1000,1000,0,0,0,0,0,0,1134815.12,1959831.51,2646931.78,1180644.73,19998
1790803577,0,1762406,0,20039.25,19998.38,786281.64,1090327.01,1422804.44,1855441.98,2652957.78,267520,34537471,1147609.18,606768.50,1762406,1000,1000,1000,0,0,0,0,0,0,1136863.64,1905564.17,2520350.72,1176683.45,19998
1790803578,0,1782411,0,20038.90,20004.61,786603.96,1090853.68,1423244.09,1855071.41,2646795.33,267520,34537471,1147724.63,605036.34,1782411,1000,1000,1000,0,0,0,0,0,0,1129937.06,1820027.58,2227002.70,1157895.65,20005
1790803579,0,1802410,0,20038.42,20000.47,786900.97,1091274.15,1423746.78,1854663.67,2641390.39,267520,34537471,1147842.16,603349.52,1802410,1000,1000,1000,0,0,0,0,0,0,1132797.02,1814590.85,2308447.07,1158316.46,19999
1790803580,0,1822410,0,20037.99,19998.49,787243.15,1091861.74,1424380.08,1855110.86,2644654.24,267520,34537471,1148230.22,602112.90,1822410,1000,1000,1000,0,0,0,0,0,0,1139895.32,1920777.24,2571652.12,1183202.51,20000
1790803581,0,1842410,0,20037.61,20000.54,787453.50,1092174.77,1424657.71,1854798.89,2645032.45,267520,34537471,1148437.41,601353.24,1842410,1000,1000,1000,0,0,0,0,0,0,1125272.60,1889750.04,2595408.92,1167316.68,20000
1790803582,0,1862412,0,20037.17,20001.39,787811.17,1092660.14,1425229.56,1856063.31,2646974.42,267520,34537471,1149113.82,603062.93,1862412,1000,1000,1000,0,0,0,0,0,0,1136254.63,1988303.52,3357305.41,1211419.48,20002
1790803583,0,1882411,0,20036.78,19998.82,787780.84,1092702.15,1425261.89,1855321.60,2643313.84,267520,34537471,1148915.60,601604.56,1882411,1000,1000,1000,0,0,0,0,0,0,1092584.88,1784997.25,2319382.40,1130456.37,19999
1790803584,0,1902414,0,20036.41,20003.52,788046.93,1093183.02,1426090.67,1856998.20,2645024.97,267520,34537471,1149374.90,600494.32,1902414,1000,1000,1000,0,0,0,0,0,0,1146098.57,2012062.55,2522887.23,1192597.96,20003
1790803585,0,1922414,0,20036.05,20000.66,788067.29,1093311.23,1426173.37,1856569.87,2639952.76,267520,34537471,1149212.73,598925.30,1922414,1000,1000,1000,0,0,0,0,0,0,1104188.44,1810707.48,2185491.48,1133786.45,20000
1790803586,0,1942422,0,20035.78,20006.33,788241.20,1093710.35,1426951.30,1857939.66,2641016.28,267520,34537471,1149559.07,597939.90,1942422,1000,1000,1000,0,0,0,0,0,0,1128207.89,1954905.28,2671148.04,1182835.97,20008
1790803587,0,1962410,0,20035.26,19988.16,788224.67,1093770.81,1427115.08,1857100.42,2634196.33,267520,34537471,1149415.06,596409.79,1962410,1000,1000,1000,0,0,0,0,0,0,1098708.27,1791157.38,2147604.67,1135420.37,19988
1790803588,0,1982407,0,20034.92,19996.93,788051.07,1093638.65,1427300.72,1857492.07,2636567.66,267520,34537471,1149324.22,595409.70,1982407,1000,1000,1000,0,0,0,0,0,0,1074773.57,1945837.78,2595367.02,1140410.13,19997
1790803589,0,2002407,0,20034.54,20000.61,788245.59,1093986.89,1428017.52,1857707.49,2633167.49,267520,34537471,1149539.67,594141.39,2002407,1000,1000,1000,0,0,0,0,0,0,1130904.60,1878670.36,2318908.44,1170895.40,20000
1790803590,0,2022412,0,20034.28,20006.51,788434.80,1094375.74,1428682.47,1857441.18,2630549.56,267520,34537471,1149786.01,593214.87,2022412,1000,1000,1000,0,0,0,0,0,0,1133836.71,1903514.88,2408940.24,1174442.86,20005
1790803591,0,2042412,0,20033.92,19999.20,788383.32,1094375.43,1428436.43,1855588.04,2624493.18,267520,34537471,1149397.81,591620.36,2042412,1000,1000,1000,0,0,0,0,0,0,1089067.75,1724176.51,2014166.45,1110142.84,20000
1790803592,0,2062416,0,20033.58,20003.11,788450.16,1094437.22,1428446.68,1855283.52,2624468.60,267520,34537471,1149302.14,590417.01,2062416,1000,1000,1000,0,0,0,0,0,0,1100071.59,1797428.90,2458444.76,1139534.70,20004
1790803593,0,2082410,0,20033.23,19994.42,788829.03,1095035.71,1429194.04,1858587.88,2635768.32,267520,34537471,1150481.72,593059.49,2082410,1000,1000,1000,0,0,0,0,0,0,1159507.89,2263304.55,4161556.20,1272157.47,19994
1790803594,0,2102406,0,20032.92,19995.45,788966.12,1095198.67,1429295.57,1858352.56,2634951.13,267520,34537471,1150447.24,591822.63,2102406,1000,1000,1000,0,0,0,0,0,0,1110618.92,1820968.58,2467422.97,1146855.66,19996
1790803595,0,2122411,0,20032.60,20005.71,788966.75,1095265.74,1429367.65,1857636.11,2633819.90,267520,34537471,1150300.33,590549.98,2122411,1000,1000,1000,0,0,0,0,0,0,1099256.73,1804595.15,2289545.37,1134861.00,20005
1790803596,0,2142411,0,20032.28,19999.29,789130.55,1095347.92,1429337.58,1856655.29,2630750.25,267520,34537471,1150168.07,589130.10,2142411,1000,1000,1000,0,0,0,0,0,0,1110389.48,1770387.28,2213182.44,1136132.76,20000
1790803597,0,2162410,0,20032.03,19999.54,789381.16,1095824.01,1429787.94,1856696.30,2628603.57,267520,34537471,1150369.92,587926.95,2162410,1000,1000,1000,0,0,0,0,0,0,1146042.25,1870281.98,2326579.28,1171993.88,19999
1790803598,0,2182413,0,20031.75,20003.55,789699.01,1096259.29,1430279.36,1857289.18,2630417.86,267520,34537471,1150686.66,587011.34,2182413,1000,1000,1000,0,0,0,0,0,0,1141218.41,2004645.76,2481917.30,1184926.82,20003
1790803599,0,2202410,0,20031.42,19996.66,789949.52,1096663.05,1430698.14,1857553.15,2629655.45,267520,34537471,1150926.71,586004.01,2202410,1000,1000,1000,0,0,0,0,0,0,1144292.96,1891732.21,2456402.79,1177124.95,19997
1790803600,0,2222409,0,20031.12,19998.46,790000.43,1096642.68,1430412.00,1855986.95,2624700.70,267520,34537471,1150599.33,584552.71,2222409,1000,1000,1000,0,0,0,0,0,0,1088122.22,1711935.86,2070519.52,1114546.31,19999
1790803601,0,2242411,0,20030.90,20003.36,790251.21,1096908.66,1430728.94,1856303.39,2628202.29,267520,34537471,1150837.97,583722.28,2242411,1000,1000,1000,0,0,0,0,0,0,1132757.25,1965519.75,2662763.41,1177352.96,20002
1790803602,0,2262409,0,20030.54,19997.03,790317.59,1097005.43,1430831.03,1855649.08,2625640.22,267520,34537471,1150723.38,582498.53,2262409,1000,1000,1000,0,0,0,0,0,0,1103734.33,1797753.59,2256348.03,1137874.74,19998
1790803603,0,2282414,0,20030.34,20004.57,790368.48,1097169.35,1430933.47,1856314.09,2625146.17,267520,34537471,1150774.49,581610.90,2282414,1000,1000,1000,0,0,0,0,0,0,1107602.70,1963484.06,2451086.25,1156554.84,20005
1790803604,0,2302414,0,20030.13,20001.06,790389.28,1097129.24,1431129.12,1856879.43,2627413.03,267520,34537471,1150849.06,581015.63,2302414,1000,1000,1000,0,0,0,0,0,0,1103215.64,1964870.68,2628432.92,1159359.28,20000
1790803605,0,2322417,0,20029.88,20002.53,790763.09,1097784.57,1431917.52,1858916.70,2639712.67,267520,34537471,1151930.03,583760.59,2322417,1000,1000,1000,0,0,0,0,0,0,1172710.75,2248970.63,3914507.68,1276353.21,20003
1790803606,0,2342410,0,20029.56,19993.37,790916.09,1097978.73,1432050.36,1857873.31,2635151.71,267520,34537471,1151852.12,582472.06,2342410,1000,1000,1000,0,0,0,0,0,0,1122112.42,1781620.46,2118998.42,1142801.68,19993
1790803607,0,2362414,0,20029.33,20003.25,790890.12,1097794.02,1431486.16,1856378.62,2632369.69,267520,34537471,1151386.50,581219.18,2362414,1000,1000,1000,0,0,0,0,0,0,1069543.56,1694863.15,2188455.93,1096864.14,20004
1790803608,0,2382410,0,20029.09,19996.26,790593.25,1097051.27,1430042.52,1854863.16,2626862.16,267520,34537471,1150503.85,579831.29,2382410,1000,1000,1000,0,0,0,0,0,0,1020818.02,1625416.59,2043149.19,1046223.40,19996
1790803609,0,2406353,0,20061.48,23941.92,790461.86,1096761.30,1429358.51,1855761.80,2635664.77,265984,34537471,1150464.64,579651.35,2406353,1000,1000,1000,0,0,0,0,0,0,1077018.28,2053513.37,2718579.11,1146563.05,23943
1790803610,0,2452673,0,20278.56,46323.46,791747.67,1098911.85,1432356.97,1873346.95,2678300.47,265984,34537471,1154136.09,582046.21,2452673,1000,1000,1000,0,0,0,0,0,0,1252990.12,2487767.96,3331275.71,1344870.49,46320
1790803611,0,2502672,0,20522.27,49998.11,792728.59,1100573.53,1434629.49,1886930.02,2707223.26,248064,34537471,1157096.44,585376.00,2502672,1000,1000,1000,0,0,0,0,0,0,1200576.79,2396906.94,3899221.34,1302314.42,49999
1790803612,0,2552673,0,20762.05,50003.71,793354.41,1101640.97,1436125.49,1899051.36,2749925.52,248064,34537471,1161738.64,618962.19,2552673,1000,1000,1000,0,0,0,0,0,0,1178759.49,2480144.28,8834954.18,1394092.17,50001
1790803613,0,2602672,0,20997.93,49996.16,794430.19,1103505.58,1439001.92,1915164.71,2790919.76,248064,34537471,1165109.99,621084.99,2602672,1000,1000,1000,0,0,0,0,0,0,1224999.88,2605263.90,3330929.42,1337232.34,49999
1790803614,0,2652698,0,21230.22,50027.34,794789.68,1104591.29,1441240.01,1929835.15,2821158.93,227200,34537471,1167593.91,622210.01,2652698,1000,1000,1000,0,0,0,0,0,0,1187741.10,2491615.63,3363852.43,1296823.48,50026
1790803615,0,2702695,0,21458.67,49995.51,795201.85,1105710.55,1443359.32,1942982.70,2842166.09,227200,34537471,1169854.96,623267.16,2702695,1000,1000,1000,0,0,0,0,0,0,1196528.56,2431990.40,3383819.81,1289819.57,49997
1790803616,0,2752682,0,21683.38,49986.69,795389.45,1106513.11,1445457.75,1957803.15,2869928.98,227200,34537471,1172393.97,626115.95,2752682,1000,1000,1000,0,0,0,0,0,0,1200287.35,2467742.96,3842655.21,1309673.29,49987
1790803617,0,2802668,0,21904.56,49988,796126.45,1108212.85,1448572.50,1977072.74,2926776.21,227200,34537471,1177988.99,648397.77,2802668,1000,1000,1000,0,0,0,0,0,0,1249916.52,2887040.99,8349879.86,1486101.54,49986
1790803618,0,2852674,0,22122.48,50005.21,796993.55,1110028.33,1451377.15,1992441.76,2951303.65,227200,34537471,1181061.29,650230.21,2852674,1000,1000,1000,0,0,0,0,0,0,1247578.85,2518524.48,3593137.19,1353253.27,50006
1790803619,0,2902686,0,22337.18,50011.41,797933.41,1111783.00,1454048.36,2006638.03,2975664.58,227200,34537471,1184036.48,651541.75,2902686,1000,1000,1000,0,0,0,0,0,0,1249210.88,2537373.42,3570024.34,1353740.47,50012
1790803620,0,2952667,0,22548.26,49980.43,799072.43,1113526.72,1456741.52,2018473.42,2994230.70,227200,34537471,1187701.31,665435.45,2952667,1000,1000,1000,0,0,0,0,0,0,1245963.15,2562923.67,6072763.01,1400539.20,49981
1790803621,0,3002685,0,22756.47,50022.28,800082.74,1115244.01,1459268.29,2030221.43,3031311.84,227200,34537471,1193578.87,710344.60,3002685,1000,1000,1000,0,0,0,0,0,0,1239836.42,2764818.86,12595806.42,1540543.73,50018
1790803622,0,3052680,0,22961.34,49991.02,800945.26,1116536.17,1461088.31,2039807.33,3045551.46,227200,34537471,1195523.83,709721.20,3052680,1000,1000,1000,0,0,0,0,0,0,1209548.30,2492693.31,3440140.14,1312337.90,49995
1790803623,0,3102681,0,23163.18,50001.46,801436.87,1117325.89,1461819.28,2044688.53,3051101.97,227200,34537471,1196431.22,708161.92,3102681,1000,1000,1000,0,0,0,0,0,0,1177233.51,2244421.52,3172873.39,1251829.40,50001
1790803624,0,3152680,0,23362.05,49999.58,802366.61,1118931.51,1464050.66,2057504.36,3081143.17,227200,34537471,1199365.51,709601.18,3152680,1000,1000,1000,0,0,0,0,0,0,1242285.16,2728171.47,4107150.21,1381452.59,49999
1790803625,0,3202688,0,23558.08,50009.11,803347.64,1120716.57,1466754.19,2070605.03,3109972.73,227200,34537471,1202911.12,714546.35,3202688,1000,1000,1000,0,0,0,0,0,0,1267628.95,2831562.62,4616806.94,1426438.76,50008
1790803626,0,3252693,0,23751.19,50001.01,804400.46,1122372.99,1469435.11,2086706.79,3171807.75,227200,34537471,1209809.66,746747.91,3252693,1000,1000,1000,0,0,0,0,0,0,1261528.26,3516613.19,11583360.86,1651642.45,50005
1790803627,0,3302679,0,23941.36,49986.74,804635.11,1122977.02,1470203.75,2093965.01,3207181.09,217600,34537471,1212434.55,754512.07,3302679,1000,1000,1000,0,0,0,0,0,0,1175983.35,2687697.94,6997151.12,1383242.05,49986
1790803628,0,3352665,0,24128.80,49986.25,805196.45,1124035.40,1471934.45,2102537.21,3233965.22,217600,34537471,1215037.49,758782.29,3352665,1000,1000,1000,0,0,0,0,0,0,1216896.40,2668844.14,5906432.02,1387018.91,49986
1790803629,0,3402603,0,24313.22,49938.78,805400.33,1124480.71,1473009.75,2111418.77,3271855.01,217600,34537471,1217840.88,767049.13,3402603,1000,1000,1000,0,0,0,0,0,0,1178209.61,2997900.47,6975354.62,1406051.08,49938
1790803630,0,3452664,0,24495.89,50061.47,805711.63,1125002.95,1474167.15,2120567.12,3322270.90,217600,38141951,1225975.64,863288.72,3452664,1000,1000,1000,0,0,0,0,0,0,1181099.53,3303771.68,21869653.71,1778887.82,50061
1790803631,0,3502688,0,24675.72,50024.49,805740.20,1125281.60,1474716.29,2124457.17,3332679.97,217600,38141951,1226705.46,863953.90,3502688,1000,1000,1000,0,0,0,0,0,0,1150682.53,2410116.42,4463330.87,1277077.64,50024
1790803632,0,3552697,0,24852.99,50011.12,805781.75,1125124.65,1474668.75,2124836.20,3338787.47,217600,38141951,1226621.67,861451.81,3552697,1000,1000,1000,0,0,0,0,0,0,1131598.68,2183046.64,3609273.65,1220753.07,50009
1790803633,0,3602683,0,25027.57,49984.94,806149.07,1125584.93,1475283.89,2128186.76,3341009.10,217600,38141951,1227073.94,858626.16,3602683,1000,1000,1000,0,0,0,0,0,0,1167384.05,2309029.44,3558883.61,1259218.64,49986
1790803634,0,3652683,0,25199.91,49997.27,806584.89,1126348.60,1476208.05,2131953.35,3345812.74,217600,38141951,1228341.52,862516.52,3652683,1000,1000,1000,0,0,0,0,0,0,1194423.14,2383923.37,5218848.79,1319675.63,50000
1790803635,0,3702680,0,25369.78,49996.93,807448.25,1128025.40,1478560.27,2141864.35,3375508.71,217600,38141951,1232017.72,873164.66,3702680,1000,1000,1000,0,0,0,0,0,0,1284447.48,2846501.94,8237960.76,1500593.42,49997
1790803636,0,3752682,0,25537.43,50004.90,808282.32,1129402.49,1480515.62,2149897.24,3375566.83,217600,38141951,1233685.64,871057.89,3752682,1000,1000,1000,0,0,0,0,0,0,1269674.28,2500532.29,3391353.93,1357196.03,50002
1790803637,0,3802686,0,25702.74,50002.92,808962.17,1130477.13,1482277.19,2156795.80,3378510.59,217600,38141951,1235022.48,868706.96,3802686,1000,1000,1000,0,0,0,0,0,0,1246465.54,2483816.42,3406462.17,1335349.30,50004
1790803638,0,3852697,0,25865.98,50010.14,808955.61,1130501.27,1482265.64,2158976.09,3378219.93,217600,38141951,1234881.07,865732.06,3852697,1000,1000,1000,0,0,0,0,0,0,1132602.43,2255853.84,3317987.83,1224128.37,50011
1790803639,0,3902690,0,26026.89,49993.65,809134.57,1130844.90,1482698.60,2160178.27,3381111.17,209920,38141951,1235543.43,868127.68,3902690,1000,1000,1000,0,0,0,0,0,0,1166951.93,2239367.54,4725225.56,1286588.61,49993
1790803640,0,3952682,0,26185.64,49990.99,809804.33,1131883.67,1484029.61,2166394.04,3397019.52,209920,38141951,1237669.56,874436.05,3952682,1000,1000,1000,0,0,0,0,0,0,1230427.84,2565004.93,6764271.27,1403648.46,49992
1790803641,0,4002676,0,26342.36,49997.72,810498.60,1133130.02,1485931.96,2175929.46,3420946.34,209920,38141951,1239853.66,874147.34,4002676,1000,1000,1000,0,0,0,0,0,0,1249232.12,2904682.76,4501539.70,1412535.07,49994
1790803642,0,4052679,0,26497.04,50001.88,810765.39,1133648.22,1487090.36,2181671.99,3425354.22,209920,38141951,1240725.78,872181.96,4052679,1000,1000,1000,0,0,0,0,0,0,1201757.10,2517542.94,3525940.25,1310538.19,50003
1790803643,0,4102671,0,26649.69,49989.53,811174.87,1134477.95,1488688.25,2189115.02,3441048.95,209920,38141951,1242655.36,874906.80,4102671,1000,1000,1000,0,0,0,0,0,0,1231742.06,2748866.76,5076073.64,1399079.85,49992
1790803644,0,4152684,0,26800.43,50013.24,811159.97,1134683.63,1489621.13,2195299.48,3469936.60,209920,38141951,1245325.54,888285.51,4152684,1000,1000,1000,0,0,0,0,0,0,1163502.62,2808525.74,10289064.31,1464365.60,50013
1790803645,0,4202696,0,26949.27,50011.62,811461.66,1135328.05,1490593.90,2200638.80,3473497.44,209920,38141951,1246172.85,886541.76,4202696,1000,1000,1000,0,0,0,0,0,0,1204225.66,2474185.21,3661134.91,1316528.63,50012
1790803646,0,4252687,0,27096.09,49991.63,812070.87,1136311.17,1491904.84,2203514.08,3468996.37,209920,38141951,1246871.30,883735.87,4252687,1000,1000,1000,0,0,0,0,0,0,1229972.41,2361378.44,3151970.39,1305588.88,49991
1790803647,0,4302679,0,27241.05,49988.88,812915.25,1137713.56,1493830.09,2208076.54,3467838.08,209920,38141951,1248256.40,881743.04,4302679,1000,1000,1000,0,0,0,0,0,0,1282417.61,2437047.31,3580496.65,1366083.06,49992
1790803648,0,4352629,0,27383.94,49953.72,813779.70,1139136.15,1496245.71,2216738.71,3475763.21,209920,38141951,1250510.38,882932.22,4352629,1000,1000,1000,0,0,0,0,0,0,1296301.84,2689203.32,5193818.97,1444667.80,49950
1790803649,0,4402684,0,27525.67,50057.06,814429.41,1140206.08,1498068.29,2224135.36,3498582.47,209920,38141951,1253013.64,887710.69,4402684,1000,1000,1000,0,0,0,0,0,0,1268120.10,2830914.46,7211320.08,1470690.05,50055
1790803650,0,4452693,0,27665.39,50005.40,815069.55,1141189.68,1499298.13,2228828.40,3499976.14,209920,38141951,1253987.77,885556.01,4452693,1000,1000,1000,0,0,0,0,0,0,1235639.42,2519495.93,3489474.80,1339747.51,50009
1790803651,0,4502678,0,27803.23,49986.50,815683.66,1141947.42,1500270.56,2232339.63,3502233.49,209920,38141951,1254789.73,883462.43,4502678,1000,1000,1000,0,0,0,0,0,0,1224988.21,2507600.60,3543363.09,1326228.48,49985
1790803652,0,4552683,0,27939.41,50005.75,816164.13,1142812.35,1501294.46,2236029.58,3507846.90,209920,38141951,1255634.52,881748.82,4552683,1000,1000,1000,0,0,0,0,0,0,1222526.36,2532305.50,3815866.29,1331703.48,50005
1790803653,0,4602672,0,28073.91,49990.70,816782.56,1143916.81,1503045.30,2243050.44,3529409.55,209920,38141951,1257763.34,883737.56,4602672,1000,1000,1000,0,0,0,0,0,0,1263223.77,2868973.12,6141898.85,1451643.21,49989
1790803654,0,4652678,0,28206.86,50001.64,817289.41,1144725.67,1504253.81,2246728.00,3530204.95,209920,38141951,1258555.10,881643.62,4652678,1000,1000,1000,0,0,0,0,0,0,1227991.06,2554937.26,3437262.79,1331430.34,50006
1790803655,0,4702668,0,28338.22,49992.89,817918.15,1145732.99,1505592.95,2249910.90,3526791.77,209920,38141951,1259340.37,879323.59,4702668,1000,1000,1000,0,0,0,0,0,0,1252042.68,2430843.51,3250330.31,1332427.08,49990
1790803656,0,4752671,0,28467.96,50003.89,818311.89,1146080.61,1506053.96,2252206.49,3524750.41,209920,38141951,1259655.43,877146.53,4752671,1000,1000,1000,0,0,0,0,0,0,1194628.43,2389938.45,3304511.24,1289286.46,50003
1790803657,0,4802679,0,28596.19,50007.98,818992.36,1147150.36,1507569.02,2258890.59,3529196.38,209920,38141951,1261004.28,875915.01,4802679,1000,1000,1000,0,0,0,0,0,0,1272607.94,2678955.58,3790541.36,1389196.23,50008
1790803658,0,4852684,0,28722.93,50003.55,819555.35,1148030.97,1508819.64,2264884.60,3545719.63,209920,38141951,1262679.22,876987.21,4852684,1000,1000,1000,0,0,0,0,0,0,1249980.64,2802198.85,5617693.51,1423547.05,50005
1790803659,0,4902680,0,28848.05,49996.36,820241.49,1149014.55,1510192.51,2269035.72,3548378.39,209920,38141951,1263688.56,875277.69,4902680,1000,1000,1000,0,0,0,0,0,0,1254944.37,2574106.88,3654902.46,1361656.24,49996
1790803660,0,4952657,0,28971.68,49977.17,820717.68,1149813.23,1511411.63,2272164.91,3548909.75,209920,38141951,1264447.20,873464.78,4952657,1000,1000,1000,0,0,0,0,0,0,1233478.65,2542587.58,3406029.16,1338869.33,49977
1790803661,0,5002675,0,29094.07,50017.48,821208.46,1150529.33,1512435.34,2277084.25,3561897.02,209920,38141951,1265652.83,873360.70,5002675,1000,1000,1000,0,0,0,0,0,0,1228713.33,2792428.57,4802023.11,1385031.08,50018
1790803662,0,5052677,0,29214.96,50000.31,821781.72,1151307.58,1513428.97,2281252.39,3579074.20,209920,38141951,1267546.73,878798.60,5052677,1000,1000,1000,0,0,0,0,0,0,1234934.00,2767506.35,8324761.93,1457030.16,50002
1790803663,0,5102688,0,29334.50,50010.71,822257.09,1152141.62,1514933.95,2286560.61,3587596.15,209920,38141951,1268730.85,877906.18,5102688,1000,1000,1000,0,0,0,0,0,0,1257385.45,2705980.19,4172849.88,1388364.71,50011
1790803664,0,5152692,0,29452.68,50006.29,822630.85,1152822.48,1516101.28,2289224.83,3586835.26,209920,38141951,1269381.46,876200.94,5152692,1000,1000,1000,0,0,0,0,0,0,1239109.65,2483818.55,3542410.85,1335773.08,50004
1790803665,0,5202676,0,29569.33,49984.08,822994.42,1153554.98,1517504.75,2294103.58,3589900.88,209920,38141951,1270332.26,874912.24,5202676,1000,1000,1000,0,0,0,0,0,0,1251672.57,2664781.81,3669482.39,1368347.59,49984
1790803666,0,5252659,0,29684.76,49980.99,823634.00,1154680.68,1519214.29,2298808.08,3595114.05,209920,38141951,1271628.46,873931.89,5252659,1000,1000,1000,0,0,0,0,0,0,1286905.23,2683660.95,3925830.45,1406548.21,49983
1790803667,0,5302687,0,29799.12,50029.33,823925.86,1155177.59,1520473.79,2304148.01,3609490.88,209920,38141951,1273057.71,875643.76,5302687,1000,1000,1000,0,0,0,0,0,0,1239343.25,2757090.92,6157970.37,1423120.73,50028
1790803668,0,5352694,0,29912,50005.77,824192.43,1155787.18,1521569.91,2307302.35,3611967.67,209920,38141951,1273731.13,874185.42,5352694,1000,1000,1000,0,0,0,0,0,0,1234488.64,2596921.40,3656886.58,1345140.60,50007
1790803669,0,5399501,0,30005.93,46809.50,824599.44,1156548.36,1522828.22,2309347.24,3609569.75,209920,38141951,1274332.81,872506.38,5399501,1000,1000,1000,0,0,0,0,0,0,1246243.16,2513601.63,3356834.95,1343137.86,46807
1790803670,0,5426366,0,29988.63,26864.15,824685.95,1156591.23,1522723.00,2308749.70,3604545.36,209920,38141951,1274159.69,871131.82,5426366,1000,1000,1000,0,0,0,0,0,0,1180118.35,2159211.69,2825085.59,1239366.23,26865
1790803671,0,5446359,0,29933.69,19992.23,824685.88,1156452.94,1522528.23,2307407.89,3601226.30,209920,38141951,1273837.89,870030.62,5446359,1000,1000,1000,0,0,0,0,0,0,1148209.95,1960871.31,2484689.80,1186495.34,19993
1790803672,0,5466352,0,29879.34,19992.96,824609.14,1156273.76,1522016.32,2306106.91,3598481.32,209920,38141951,1273373.49,868914.81,5466352,1000,1000,1000,0,0,0,0,0,0,1111798.82,1879621.25,2376875.35,1146866.11,19993
1790803673,0,5486369,0,29825.73,20017.25,824532.51,1156171.28,1521667.96,2305318.03,3598914.81,209920,38141951,1273158.60,868227.46,5486369,1000,1000,1000,0,0,0,0,0,0,1129320.45,2124215.87,3610041.96,1214475.00,20017
1790803674,0,5506357,0,29772.57,19988.52,824461.02,1155961.57,1521258.46,2304304.34,3599218.86,209920,38141951,1272869.41,867757.28,5506357,1000,1000,1000,0,0,0,0,0,0,1106188.63,1952045.77,3549571.74,1193492.66,19988
1790803675,0,5526360,0,29720,20002.67,824307.49,1155746.59,1520644.22,2302398.98,3595654.82,209920,38141951,1272324.71,866582.01,5526360,1000,1000,1000,0,0,0,0,0,0,1098950.80,1766178.51,2068471.01,1122381.68,20003
1790803676,0,5546361,0,29668,20000.51,824287.16,1155659.69,1520439.25,2301026.23,3592621.82,209920,38141951,1271991.01,865482.45,5546361,1000,1000,1000,0,0,0,0,0,0,1146677.74,1934454.60,2460136.75,1179787.63,20001
1790803677,0,5566357,0,29616.56,19996.52,824184.79,1155531.76,1520050.13,2299510.42,3589814.72,209920,38141951,1271567.72,864389.01,5566357,1000,1000,1000,0,0,0,0,0,0,1117433.32,1878309.77,2434600.38,1154156.61,19996
1790803678,0,5586363,0,29565.69,20005.97,824072.48,1155327.21,1519630.37,2298383.25,3586066.00,209920,38141951,1271142.76,863321.40,5586363,1000,1000,1000,0,0,0,0,0,0,1108782.78,1914633.98,2409008.44,1152904.75,20006
1790803679,0,5606354,0,29515.27,19990.88,823959.88,1155183.92,1519282.42,2297410.94,3584121.35,209920,38141951,1270791.25,862321.76,5606354,1000,1000,1000,0,0,0,0,0,0,1120309.55,1958702.27,2739003.07,1172563.44,19991
1790803680,0,5626360,0,29465.47,20006.27,823893.45,1154979.22,1518842.05,2295904.92,3582398.89,209920,38141951,1270352.15,861310.54,5626360,1000,1000,1000,0,0,0,0,0,0,1103862.55,1926941.22,2494013.39,1147301.87,20006
1790803681,0,5646363,0,29416.17,20002.89,823709.21,1154584.99,1518278.72,2294245.75,3579243.48,209920,38141951,1269828.64,860209.13,5646363,1000,1000,1000,0,0,0,0,0,0,1091961.36,1759985.17,2267658.80,1122579.76,20003
1790803682,0,5666367,0,29367.40,20003.03,823622.41,1154513.56,1517981.98,2293497.26,3577622.53,209920,38141951,1269526.84,859292.12,5666367,1000,1000,1000,0,0,0,0,0,0,1122429.80,2077104.78,2933990.89,1184339.66,20004
1790803683,0,5686360,0,29319.07,19993.64,823566.25,1154406.20,1517685.15,2292124.97,3574242.87,209920,38141951,1269179.56,858236.48,5686360,1000,1000,1000,0,0,0,0,0,0,1132916.07,1937954.62,2449486.59,1170753.20,19993
1790803684,0,5706352,0,29271.21,19991.01,823458.61,1154221.68,1517326.68,2291203.42,3572689.59,209920,38141951,1268839.56,857483.16,5706352,1000,1000,1000,0,0,0,0,0,0,1112043.89,1961886.96,2981620.35,1172132.46,19992
1790803685,0,5726366,0,29224,20015.75,823448.87,1154211.69,1517091.11,2290506.31,3571478.76,209920,38141951,1268633.25,856714.36,5726366,1000,1000,1000,0,0,0,0,0,0,1136246.42,2058153.71,3033099.28,1209810.48,20014
1790803686,0,5746364,0,29177.14,19997.67,823279.63,1153940.16,1516650.71,2288897.57,3568322.25,209920,38141951,1268174.17,855640.40,5746364,1000,1000,1000,0,0,0,0,0,0,1105685.04,1835079.97,2297430.30,1136717.97,19998
1790803687,0,5766368,0,29130.78,20002.54,823208.31,1153709.96,1516189.97,2287729.92,3565699.56,209920,38141951,1267747.62,854613.06,5766368,1000,1000,1000,0,0,0,0,0,0,1105914.96,1857922.61,2459137.87,1145218.47,20004
1790803688,0,5786355,0,29084.80,19988.06,823126.35,1153571.90,1515852.33,2286275.37,3562586.30,209920,38141951,1267360.49,853598.41,5786355,1000,1000,1000,0,0,0,0,0,0,1117541.68,1904042.44,2456158.73,1155670.10,19987
1790803689,0,5806367,0,29039.51,20012.83,822972.89,1153351.77,1515360.64,2284769.21,3558775.85,209920,38141951,1266884.67,852538.04,5806367,1000,1000,1000,0,0,0,0,0,0,1096380.68,1777023.74,2332180.39,1129305.08,20012
1790803690,0,5826353,0,28994.41,19986.14,822865.49,1153223.85,1515022.75,2283622.19,3555436.75,209920,38141951,1266502.41,851536.30,5826353,1000,1000,1000,0,0,0,0,0,0,1116667.21,1919892.33,2430380.46,1155446.10,19986
1790803691,0,5846365,0,28949.94,20011.59,822824.60,1153054.96,1514705.32,2282577.14,3553143.80,209920,38141951,1266174.01,850584.27,5846365,1000,1000,1000,0,0,0,0,0,0,1124522.37,1927859.63,2589521.33,1170564.95,20012
1790803692,0,5866349,0,28905.70,19984.08,822696.81,1152794.12,1514183.24,2281501.79,3550664.50,209920,38141951,1265723.70,849597.91,5866349,1000,1000,1000,0,0,0,0,0,0,1096097.08,1822960.35,2419576.65,1133982.69,19984
1790803693,0,5886364,0,28862.12,20014.90,822630.33,1152645.66,1513927.28,2280569.84,3548984.90,209920,38141951,1265445.43,848722.40,5886364,1000,1000,1000,0,0,0,0,0,0,1125235.79,1974533.10,2902206.40,1183884.38,20015
1790803694,0,5906370,0,28818.93,20005.16,822543.42,1152425.49,1513425.51,2279063.87,3545276.27,209920,38141951,1264993.71,847674.92,5906370,1000,1000,1000,0,0,0,0,0,0,1103155.08,1773896.17,2206327.23,1132084.63,20006
1790803695,0,5926362,0,28776.04,19992.68,822446.24,1152282.29,1513108.18,2278009.02,3543206.27,209920,38141951,1264658.55,846888.68,5926362,1000,1000,1000,0,0,0,0,0,0,1106426.49,1941559.60,2861582.37,1165641.10,19992
1790803696,0,5946364,0,28733.71,20002.39,822405.19,1152236.08,1512913.28,2277495.30,3546005.62,209920,38141951,1264722.99,847574.75,5946364,1000,1000,1000,0,0,0,0,0,0,1140800.02,2281269.19,4946657.84,1283816.69,20002
1790803697,0,5966360,0,28691.70,19995.88,822384.96,1152133.90,1512749.66,2276542.80,3544161.66,209920,38141951,1264450.71,846686.15,5966360,1000,1000,1000,0,0,0,0,0,0,1133758.88,1989174.87,2670353.18,1183479.40,19996
1790803698,0,5986354,0,28650,19992.98,822292.80,1152011.15,1512391.30,2275170.30,3540965.16,209920,38141951,1264070.01,845687.95,5986354,1000,1000,1000,0,0,0,0,0,0,1115590.00,1865100.53,2406486.07,1150466.18,19994
1790803699,0,6006367,0,28608.91,20014.27,822236.68,1151852.49,1512073.82,2274104.66,3538587.55,209920,38141951,1263719.96,844746.44,6006367,1000,1000,1000,0,0,0,0,0,0,1114761.18,1906484.38,2568539.70,1159012.75,20013
1790803700,0,6026367,0,28568.12,19999.39,822160.04,1151693.84,1511715.49,2272701.24,3535166.64,209920,38141951,1263313.39,843737.96,6026367,1000,1000,1000,0,0,0,0,0,0,1110361.93,1819452.85,2256128.23,1141212.73,20000
1790803701,0,6046364,0,28527.64,19997.42,822067.88,1151637.54,1511397.93,2271809.65,3532606.00,209920,38141951,1263008.89,842795.28,6046364,1000,1000,1000,0,0,0,0,0,0,1129672.14,1978797.14,2435804.40,1171242.43,19997
1790803702,0,6066364,0,28487.62,19999.41,822011.63,1151458.40,1511080.71,2270314.87,3529677.74,209920,38141951,1262599.51,841798.55,6066364,1000,1000,1000,0,0,0,0,0,0,1109649.69,1816413.67,2287787.70,1138837.77,20000
1790803703,0,6086356,0,28447.86,19991.56,821909.16,1151274.12,1510650.47,2269095.69,3526748.14,209920,38141951,1262191.12,840830.66,6086356,1000,1000,1000,0,0,0,0,0,0,1105174.10,1839306.14,2351915.77,1138268.39,19992
1790803704,0,6106362,0,28408.55,20006.71,821812.06,1151084.71,1510292.01,2268019.35,3525291.13,209920,38141951,1261878.72,839959.73,6106362,1000,1000,1000,0,0,0,0,0,0,1113775.18,2014435.95,2698006.78,1166838.81,20006
1790803705,0,6126368,0,28369.66,20006.63,821714.99,1150931.20,1509872.33,2266606.53,3522753.00,209920,38141951,1261445.65,838994.64,6126368,1000,1000,1000,0,0,0,0,0,0,1097547.65,1777340.54,2330895.00,1129262.04,20006
1790803706,0,6146359,0,28331.08,19989.92,821633.03,1150705.96,1509544.69,2265254.98,3519843.43,209920,38141951,1261020.72,838027.49,6146359,1000,1000,1000,0,0,0,0,0,0,1100998.21,1803980.28,2274874.60,1130797.15,19991
1790803707,0,6166359,0,28292.87,19999.69,821566.65,1150603.79,1509206.99,2264999.21,3520886.48,209920,38141951,1260978.55,838341.64,6166359,1000,1000,1000,0,0,0,0,0,0,1124172.26,2232692.86,4686665.75,1248020.38,20000
1790803708,0,6186362,0,28255.04,20004.58,821454.02,1150393.90,1508889.47,2264005.17,3517649.31,209920,38141951,1260626.22,837445.76,6186362,1000,1000,1000,0,0,0,0,0,0,1109465.30,1896858.59,2393959.68,1152012.70,20003
1790803709,0,6206359,0,28217.47,19996.50,821341.46,1150240.33,1508531.12,2262786.51,3514576.72,209920,38141951,1260223.95,836477.24,6206359,1000,1000,1000,0,0,0,0,0,0,1108185.30,1785038.49,2331536.24,1135775.24,19997
1790803710,0,6226369,0,28180.31,20009.20,821269.95,1150107.31,1508244.36,2261854.36,3512138.48,209920,38141951,1259926.89,835600.99,6226369,1000,1000,1000,0,0,0,0,0,0,1117848.73,1965025.73,2592946.83,1167789.35,20010
1790803711,0,6246361,0,28143.39,19992.33,821198.37,1150071.63,1508009.04,2261209.66,3510253.94,209920,38141951,1259676.42,834757.27,6246361,1000,1000,1000,0,0,0,0,0,0,1129021.75,1996748.39,2741578.55,1181668.06,19992
1790803712,0,6266365,0,28106.87,20004.28,821188.17,1149928.21,1507855.25,2260287.51,3507427.00,209920,38141951,1259369.69,833843.33,6266365,1000,1000,1000,0,0,0,0,0,0,1119670.67,1946489.19,2394640.81,1163593.09,20004
1790803713,0,6286356,0,28070.66,19990.51,821111.44,1149820.77,1507538.01,2259120.04,3504477.43,209920,38141951,1259037.68,832939.14,6286356,1000,1000,1000,0,0,0,0,0,0,1116822.95,1881447.61,2421022.05,1154965.01,19991
1790803714,0,6306368,0,28034.83,20012.60,821070.58,1149723.61,1507189.85,2258218.77,3501364.16,209920,38141951,1258743.26,832046.69,6306368,1000,1000,1000,0,0,0,0,0,0,1124979.21,1926530.40,2555230.02,1166259.83,20012
1790803715,0,6326363,0,27999.27,19995.04,821024.33,1149533.97,1506984.83,2257275.87,3498188.40,209920,38141951,1258405.19,831151.84,6326363,1000,1000,1000,0,0,0,0,0,0,1106252.75,1931209.33,2487301.30,1151776.79,19995
1790803716,0,6346373,0,27964.03,20009.18,820947.70,1149390.76,1506554.93,2256005.91,3495771.04,209920,38141951,1258028.62,830220.94,6346373,1000,1000,1000,0,0,0,0,0,0,1110069.30,1809667.27,2319964.60,1138971.51,20010
1790803717,0,6366354,0,27929.05,19981.86,820881.20,1149298.79,1506288.82,2255238.23,3493108.18,209920,38141951,1257750.04,829355.51,6366354,1000,1000,1000,0,0,0,0,0,0,1125522.90,1958432.39,2502449.08,1169270.17,19981
1790803718,0,6386363,0,27894.45,20009.36,820855.87,1149171.01,1506135.48,2254685.40,3491326.75,209920,38141951,1257511.30,828534.39,6386363,1000,1000,1000,0,0,0,0,0,0,1126624.13,2040511.09,2664183.03,1181547.71,20009
1790803719,0,6406367,0,27860.15,20004.07,820825.08,1149053.10,1505838.30,2253824.20,3492838.13,209920,38141951,1257423.10,828734.04,6406367,1000,1000,1000,0,0,0,0,0,0,1116208.14,1956975.21,4241869.14,1229266.16,20004
1790803720,0,6426368,0,27826.10,20000.35,820784.21,1148950.79,1505572.11,2252441.33,3489908.64,209920,38141951,1257106.07,827811.47,6426368,1000,1000,1000,0,0,0,0,0,0,1123578.87,1843238.63,2272970.13,1155561.75,20001
1790803721,0,6446360,0,27792.32,19991.72,820738.29,1148776.94,1505142.38,2251438.55,3487410.86,209920,38141951,1256745.64,826931.06,6446360,1000,1000,1000,0,0,0,0,0,0,1105598.15,1821875.65,2458661.11,1140885.82,19992
1790803722,0,6466357,0,27758.85,19996.45,820681.92,1148592.58,1504794.12,2249963.69,3484420.05,209920,38141951,1256318.61,825999.81,6466357,1000,1000,1000,0,0,0,0,0,0,1091442.08,1756459.44,2169435.40,1118659.04,19997
1790803723,0,6486357,0,27725.69,20000.68,820559.14,1148403.20,1504466.51,2248796.05,3481572.60,209920,38141951,1255965.04,825108.87,6486357,1000,1000,1000,0,0,0,0,0,0,1112647.29,1830459.62,2325762.89,1141647.89,20000
1790803724,0,6506369,0,27692.83,20012.20,820544.00,1148336.72,1504189.91,2247965.95,3480485.53,209920,38141951,1255705.43,824371.39,6506369,1000,1000,1000,0,0,0,0,0,0,1112683.48,1942594.80,2814234.99,1171560.17,20012
1790803725,0,6526361,0,27660.22,19991.70,820446.65,1148162.58,1503790.49,2246572.91,3477146.36,209920,38141951,1255311.15,823464.21,6526361,1000,1000,1000,0,0,0,0,0,0,1097949.66,1773313.15,2255416.16,1126991.89,19992
1790803726,0,6546367,0,27627.91,20005.65,820411.01,1148029.81,1503493.88,2245303.75,3474423.11,209920,38141951,1254967.05,822587.69,6546367,1000,1000,1000,0,0,0,0,0,0,1107439.13,1858049.76,2296056.68,1142717.64,20006
1790803727,0,6566359,0,27595.84,19992.88,820364.92,1147932.52,1503360.84,2244094.94,3471493.28,209920,38141951,1254694.00,821712.83,6566359,1000,1000,1000,0,0,0,0,0,0,1133454.62,1897219.40,2289488.13,1165281.88,19992
1790803728,0,6586358,0,27564.02,19998.24,820334.26,1147896.63,1503135.55,2243500.82,3469916.50,209920,38141951,1254483.42,820930.31,6586358,1000,1000,1000,0,0,0,0,0,0,1133981.43,2024142.09,2779318.92,1185342.41,19999
1790803729,0,6616184,0,27573.36,29827.80,820231.70,1147894.34,1503327.12,2247666.91,3493094.87,206464,41254911,1256867.13,848272.92,6616184,1000,1000,1000,0,0,0,0,0,0,1157698.60,5102576.48,15032711.21,1783252.60,29826
1790803730,0,6703673,0,27821.97,87486.19,818480.85,1146725.76,1504286.79,2264155.34,3599462.61,201216,41254911,1264143.56,905872.35,6703673,1000,1000,1000,0,0,0,0,0,0,1036054.70,6522303.71,15290568.06,1814409.57,87489
1790803731,0,6803652,0,28120.19,99987.24,816059.67,1144310.63,1503045.97,2267876.09,3602269.78,195200,41254911,1262398.88,903571.51,6803652,1000,1000,1000,0,0,0,0,0,0,990012.67,2367683.94,3499400.94,1145416.51,99979
1790803732,0,6903681,0,28416.18,100023.48,813836.16,1141986.15,1502098.88,2272331.96,3613920.73,195200,41254911,1261426.13,904529.03,6903681,1000,1000,1000,0,0,0,0,0,0,993186.15,2450605.34,5036874.86,1195263.11,100029
1790803733,0,7003640,0,28709.48,99965.16,811337.74,1139459.43,1500776.36,2275526.75,3614530.79,195200,41254911,1259789.59,904606.34,7003640,1000,1000,1000,0,0,0,0,0,0,977929.80,2289470.25,3807791.60,1146761.28,99959
1790803734,0,7103652,0,29000.55,100007.66,809145.31,1137159.50,1499969.54,2281990.65,3635286.58,195200,41254911,1259361.33,907763.50,7103652,1000,1000,1000,0,0,0,0,0,0,986988.14,2637762.01,5509526.44,1229371.33,100012
1790803735,0,7203632,0,29289.17,99978.47,807450.08,1134984.27,1498428.74,2281385.55,3629367.17,195200,41254911,1257294.87,904401.24,7203632,1000,1000,1000,0,0,0,0,0,0,1000519.46,2130108.17,3274547.47,1110471.30,99980
1790803736,0,7303658,0,29575.58,100022.19,806265.47,1133379.76,1497529.42,2283949.95,3638838.50,195200,41254911,1256739.45,905737.70,7303658,1000,1000,1000,0,0,0,0,0,0,1031848.27,2423128.61,4608325.80,1216739.46,100026
1790803737,0,7403631,0,29859.55,99983.11,804784.81,1131271.35,1496397.70,2285506.83,3644151.31,195200,41254911,1255325.95,903595.95,7403631,1000,1000,1000,0,0,0,0,0,0,1024558.20,2241578.50,3721582.14,1152060.63,99973
1790803738,0,7503662,0,30141.42,100028.29,803226.15,1129207.69,1495306.44,2287424.90,3646016.61,195200,41254911,1253962.01,901981.44,7503662,1000,1000,1000,0,0,0,0,0,0,1011416.96,2291593.76,3710387.49,1153012.14,100031
1790803739,0,7603653,0,30420.85,99985.53,802031.83,1127415.84,1494369.12,2288974.11,3652734.54,195200,41254911,1253041.51,901994.96,7603653,1000,1000,1000,0,0,0,0,0,0,1025187.62,2288499.69,4012014.55,1183964.61,99991
1790803740,0,7703663,0,30698.17,100012.12,800664.92,1125594.96,1493299.88,2290591.99,3654460.19,193664,41254911,1251696.51,899810.70,7703663,1000,1000,1000,0,0,0,0,0,0,1013329.26,2300148.73,3674957.46,1149437.50,100010
1790803741,0,7803625,0,30973.09,99964.72,799683.77,1124297.50,1492821.94,2293156.51,3682772.63,181760,41254911,1251890.94,903270.60,7803625,1000,1000,1000,0,0,0,0,0,0,1034728.40,2654500.34,6854439.06,1266875.15,99962
1790803742,0,7903644,0,31246.04,100023.65,798295.14,1122218.95,1491341.97,2293925.39,3695183.19,181760,41254911,1250779.26,904247.92,7903644,1000,1000,1000,0,0,0,0,0,0,994446.15,2329552.74,4918522.86,1164044.15,100019
1790803743,0,8003655,0,31516.84,100005.61,797136.34,1120246.87,1490136.01,2295475.31,3694315.24,181760,41254911,1249627.65,903762.97,8003655,1000,1000,1000,0,0,0,0,0,0,999658.81,2352061.61,3784016.52,1158618.24,100011
1790803744,0,8103656,0,31785.49,99999.80,795705.64,1117957.42,1488378.77,2293484.72,3689035.92,181760,41254911,1247543.41,900695.21,8103656,1000,1000,1000,0,0,0,0,0,0,978841.30,2032880.30,3063221.47,1080729.66,100001
1790803745,0,8203626,0,32051.83,99974.75,794546.14,1115935.75,1487403.15,2296793.44,3696611.94,181760,41254911,1246704.88,900373.58,8203626,1000,1000,1000,0,0,0,0,0,0,1004284.26,2387421.40,4405074.22,1178732.92,99970
1790803746,0,8303680,0,32316.42,100045.74,793561.20,1114864.77,1487549.89,2304999.67,3711731.46,181760,41254911,1246929.36,900288.70,8303680,1000,1000,1000,0,0,0,0,0,0,1052947.95,2725182.70,4806073.62,1265335.40,100054
1790803747,0,8403653,0,32578.75,99978.36,792356.67,1113257.72,1487167.77,2311133.69,3724214.33,181760,41254911,1246531.24,899724.35,8403653,1000,1000,1000,0,0,0,0,0,0,1016460.44,2596019.32,4109030.69,1213463.64,99973
1790803748,0,8503646,0,32839.14,99993.02,791298.49,1112164.69,1487488.50,2319191.39,3759884.29,181760,41254911,1247886.22,906940.27,8503646,1000,1000,1000,0,0,0,0,0,0,1031182.27,3093071.88,7239273.73,1361761.42,99993
1790803749,0,8603618,0,33097.38,99972.94,790711.74,1111343.34,1487625.96,2327605.56,3794693.85,181760,41254911,1248941.11,910339.03,8603618,1000,1000,1000,0,0,0,0,0,0,1059802.83,3166436.07,6612430.67,1338670.62,99972
1790803750,0,8703619,0,33353.75,100007.84,790692.43,1111320.21,1488960.59,2341188.45,3854512.08,181760,41254911,1252017.78,918946.11,8703619,1000,1000,1000,0,0,0,0,0,0,1133160.09,3805789.24,8494266.40,1516719.74,100001
1790803751,0,8803613,0,33608.18,99984.14,790084.73,1110366.02,1488913.75,2348490.21,3878184.20,181760,41254911,1252565.35,920032.01,8803613,1000,1000,1000,0,0,0,0,0,0,1059303.90,2849764.91,5921876.80,1300227.05,99994
1790803752,0,8903651,0,33860.79,100040.48,789405.91,1109273.98,1489225.09,2357532.58,3912108.40,181760,41254911,1253738.49,924178.25,8903651,1000,1000,1000,0,0,0,0,0,0,1058520.94,3154270.55,7366642.23,1356978.35,100038
1790803753,0,9003665,0,34111.46,100019.23,788234.13,1107795.90,1488899.75,2361706.56,3910059.30,178816,41254911,1252967.91,922439.13,9003665,1000,1000,1000,0,0,0,0,0,0,1010293.83,2565076.27,3703525.19,1184367.63,100014
1790803754,0,9103600,0,34359.89,99929.95,787207.67,1106406.13,1488380.90,2364307.19,3914207.48,178816,41254911,1252513.25,923480.64,9103600,1000,1000,1000,0,0,0,0,0,0,1006173.96,2494892.98,4568079.00,1211550.55,99935
1790803755,0,9203666,0,34606.94,100068.29,786270.80,1105008.77,1487798.43,2365779.75,3924588.63,178816,41254911,1251954.71,923703.93,9203666,1000,1000,1000,0,0,0,0,0,0,994881.30,2454447.24,4921477.67,1201140.61,100066
1790803756,0,9303662,0,34851.87,99987.87,785151.10,1103189.63,1486739.06,2367898.47,3916852.95,178816,41254911,1250671.78,921448.45,9303662,1000,1000,1000,0,0,0,0,0,0,976755.03,2366472.22,3365262.66,1132590.32,99996
1790803757,0,9403626,0,35094.91,99969.31,784270.47,1102032.95,1486605.69,2372356.19,3926156.83,178816,41254911,1250724.91,924061.03,9403626,1000,1000,1000,0,0,0,0,0,0,1016354.30,2630037.93,5383121.31,1255669.72,99964
1790803758,0,9503650,0,35336.29,100022.99,782995.85,1100395.87,1486146.99,2374629.48,3925891.55,178816,41254911,1249894.03,923360.97,9503650,1000,1000,1000,0,0,0,0,0,0,980527.25,2455815.75,4241936.26,1171779.79,100024
1790803759,0,9603656,0,35575.91,100008.93,782034.91,1099440.12,1486210.42,2380552.75,3956659.84,178816,41254911,1250799.21,929591.59,9603656,1000,1000,1000,0,0,0,0,0,0,1004657.10,3018787.27,7431367.92,1336819.62,100006
1790803760,0,9703672,0,35813.73,100009.44,780760.40,1097766.34,1485167.04,2381117.18,3954224.22,178816,41254911,1249524.50,928026.32,9703672,1000,1000,1000,0,0,0,0,0,0,951050.42,2414494.83,3872830.70,1127125.00,100016
1790803761,0,9803626,0,36049.57,99958.47,780132.52,1096816.95,1485324.42,2385385.04,3969676.78,178816,41254911,1249822.80,929123.89,9803626,1000,1000,1000,0,0,0,0,0,0,1036106.82,2715298.72,5746813.17,1278782.84,99954
1790803762,0,9903656,0,36283.96,100032.12,779470.93,1095966.55,1485078.70,2386385.26,3966749.61,178816,41254911,1249223.06,927599.21,9903656,1000,1000,1000,0,0,0,0,0,0,1024729.90,2441153.59,4011477.43,1190444.00,100030
1790803763,0,10003628,0,36516.49,99968.10,778836.73,1094882.53,1484733.01,2390210.77,3981998.66,178816,41254911,1249318.04,928842.12,10003628,1000,1000,1000,0,0,0,0,0,0,1021992.92,2769776.02,5833019.26,1258727.02,99972
1790803764,0,10103633,0,36747.37,100006.17,778549.83,1094488.77,1485205.20,2396624.12,3986101.12,178816,41254911,1249681.29,928041.85,10103633,1000,1000,1000,0,0,0,0,0,0,1069216.53,2839301.19,4459765.41,1286018.24,100005
1790803765,0,10203633,0,36976.59,99997.28,778144.98,1093986.85,1485492.70,2400424.86,3988083.40,178816,41254911,1249608.01,926747.74,10203633,1000,1000,1000,0,0,0,0,0,0,1053989.92,2617993.61,4118242.18,1242204.04,100000
1790803766,0,10303630,0,37204.12,100002.79,777510.29,1093234.97,1485514.71,2404228.52,3996685.81,178816,41254911,1249683.60,926705.16,10303630,1000,1000,1000,0,0,0,0,0,0,1036698.06,2647794.17,5148090.99,1257396.90,99997
1790803767,0,10403607,0,37430,99979.21,777004.97,1092480.01,1485538.44,2409071.23,4014087.12,169344,41254911,1249976.49,927607.17,10403607,1000,1000,1000,0,0,0,0,0,0,1041975.32,2799650.56,5373029.70,1280161.69,99977
1790803768,0,10503669,0,37654.53,100050.72,776748.14,1092100.10,1485701.67,2412939.35,4022800.89,169344,41254911,1250345.77,928271.16,10503669,1000,1000,1000,0,0,0,0,0,0,1069001.79,2739568.30,5038333.43,1288739.67,100062
1790803769,0,10603562,0,37876.88,99900.05,776533.08,1091429.89,1485570.17,2415372.91,4029000.88,169344,41254911,1250229.59,927537.91,10603562,1000,1000,1000,0,0,0,0,0,0,1054787.14,2513758.19,4329301.45,1238013.77,99893
1790803770,0,10703666,0,38098.33,100104.93,775771.46,1090351.70,1484999.17,2417177.37,4040965.32,169344,41254911,1250001.71,928408.25,10703666,1000,1000,1000,0,0,0,0,0,0,1004447.21,2532634.57,5825480.62,1225863.06,100104
1790803771,0,10803663,0,38317.91,99997.02,775219.04,1089216.47,1484325.17,2417831.92,4037348.22,169344,41254911,1249166.07,926572.62,10803663,1000,1000,1000,0,0,0,0,0,0,1004116.19,2421185.02,3773910.00,1159719.15,99997
1790803772,0,10903606,0,38535.64,99938.47,774851.00,1088398.63,1484020.55,2419284.67,4034478.97,169344,41254911,1248799.76,925738.40,10903606,1000,1000,1000,0,0,0,0,0,0,1040485.07,2470409.30,3976316.77,1209202.85,99943
1790803773,0,11003618,0,38752.17,100017.88,774517.78,1088014.54,1484286.61,2422883.17,4044336.74,169344,41254911,1249278.85,927928.28,11003618,1000,1000,1000,0,0,0,0,0,0,1059739.22,2759800.86,5570659.46,1301510.75,100012
1790803774,0,11103656,0,38967.30,100037.62,774175.17,1087288.52,1483930.68,2423769.38,4037080.64,169344,41254911,1248768.40,926333.32,11103656,1000,1000,1000,0,0,0,0,0,0,1044267.59,2420486.32,3615423.63,1192621.36,100038
1790803775,0,11203648,0,39180.69,99991.66,773642.19,1086514.35,1483806.89,2426815.35,4045521.87,169344,41254911,1248762.36,927040.41,11203648,1000,1000,1000,0,0,0,0,0,0,1012925.56,2736002.95,5221767.96,1248092.17,99992
1790803776,0,11303648,0,39392.63,100001.86,772940.70,1085229.18,1483049.44,2426354.58,4041448.90,169344,41254911,1247752.02,925165.19,11303648,1000,1000,1000,0,0,0,0,0,0,972206.89,2349312.90,3670121.58,1134556.47,100000
1790803777,0,11403624,0,39603,99970.06,772351.41,1084430.27,1482640.04,2428368.72,4049791.58,169344,41254911,1247678.99,927050.04,11403624,1000,1000,1000,0,0,0,0,0,0,1003944.24,2662954.88,5298041.85,1239422.42,99976
1790803778,0,11503652,0,39812.22,100030.54,771860.50,1083539.96,1482271.86,2430291.59,4047193.05,169344,41254911,1247128.37,925485.12,11503652,1000,1000,1000,0,0,0,0,0,0,1005355.98,2542935.09,3734732.32,1184354.68,100028
1790803779,0,11603639,0,40019.64,99986.55,771645.46,1082895.74,1481812.79,2433452.32,4058893.88,169344,41254911,1247235.29,925915.83,11603639,1000,1000,1000,0,0,0,0,0,0,1037719.29,2739584.52,5287593.47,1259536.46,99987
1790803780,0,11703647,0,40225.88,100005.94,771147.47,1081899.20,1481169.58,2434796.09,4057060.00,169344,41254911,1246688.42,925068.82,11703647,1000,1000,1000,0,0,0,0,0,0,1006690.53,2502359.11,4266592.03,1183236.69,100008
1790803781,0,11803641,0,40430.54,99997.74,770668.60,1080957.65,1480782.72,2436615.91,4058522.61,169344,41254911,1246278.15,924188.02,11803641,1000,1000,1000,0,0,0,0,0,0,1016318.57,2479955.39,4203141.61,1198258.80,99994
1790803782,0,11903646,0,40633.99,100009.92,770252.32,1080431.84,1480836.20,2441748.93,4082789.74,169344,41254911,1247735.32,937259.01,11903646,1000,1000,1000,0,0,0,0,0,0,1038674.50,3021317.43,9697873.07,1419726.89,100005
1790803783,0,12003659,0,40835.97,100004.72,769728.34,1079802.97,1480755.78,2443500.82,4084075.08,169344,41254911,1247446.73,936227.24,12003659,1000,1000,1000,0,0,0,0,0,0,1014832.96,2598345.30,4252474.20,1213098.17,100013
1790803784,0,12103637,0,41036.47,99981.50,769708.30,1079609.28,1481073.89,2447204.33,4093383.78,169344,41254911,1248009.15,936943.14,12103637,1000,1000,1000,0,0,0,0,0,0,1086175.48,2818762.83,5315730.82,1315534.60,99978
1790803785,0,12203675,0,41235.83,100033.73,769505.61,1079296.01,1481011.03,2447861.98,4092317.97,169344,41254911,1247823.71,936218.43,12203675,1000,1000,1000,0,0,0,0,0,0,1047435.49,2464812.63,4164009.87,1225387.78,100038
1790803786,0,12303650,0,41433.62,99972.25,769283.40,1078631.05,1480233.56,2448127.22,4097393.02,169344,41254911,1247662.98,938657.81,12303650,1000,1000,1000,0,0,0,0,0,0,1022230.22,2421177.44,5304178.19,1228042.35,99975
1790803787,0,12403662,0,41630.25,100015.46,768945.02,1077744.52,1479495.66,2446146.79,4085428.05,169344,41254911,1246661.36,936375.19,12403662,1000,1000,1000,0,0,0,0,0,0,1002176.27,2239782.45,2891730.69,1123440.80,100012
1790803788,0,12503665,0,41825.52,100002.27,768622.77,1076695.36,1478369.94,2444775.58,4083889.23,169344,41254911,1245843.44,935659.61,12503665,1000,1000,1000,0,0,0,0,0,0,990923.63,2185236.65,4486557.72,1144394.50,100003
1790803789,0,12594591,0,41989.27,90929.34,768214.14,1075638.18,1476997.98,2443719.65,4084000.14,169344,41254911,1244934.61,934801.36,12594591,1000,1000,1000,0,0,0,0,0,0,963283.60,2297524.91,4113367.70,1119956.51,90926
1790803790,0,12630201,0,41968.12,35608.90,768093.58,1075283.14,1476432.24,2442122.88,4078810.53,169344,41254911,1244356.13,933810.03,12630201,1000,1000,1000,0,0,0,0,0,0,985960.81,1791852.46,2292510.10,1039760.30,35610
1790803791,0,12650207,0,41895.34,20005.28,768021.87,1075216.54,1476104.48,2441139.62,4076209.28,169344,41254911,1244102.84,933251.68,12650207,1000,1000,1000,0,0,0,0,0,0,1048052.07,1745262.61,2323628.57,1084197.22,20006
1790803792,0,12670205,0,41823.07,19998.12,768006.50,1075139.64,1475694.77,2440207.73,4073219.15,169344,41254911,1243798.14,932676.24,12670205,1000,1000,1000,0,0,0,0,0,0,1028161.26,1618012.71,1998226.09,1051046.90,19998
1790803793,0,12690208,0,41751.34,20003.44,767944.96,1074970.56,1475274.74,2439039.75,4070884.08,169344,41254911,1243458.66,932094.38,12690208,1000,1000,1000,0,0,0,0,0,0,1004843.96,1569029.05,1896090.80,1028428.12,20003
1790803794,0,12710201,0,41679.95,19992.96,767878.43,1074888.64,1474926.54,2438087.52,4068897.16,169344,41254911,1243202.59,931550.97,12710201,1000,1000,1000,0,0,0,0,0,0,1036017.06,1782594.16,2447806.54,1080669.50,19993
1790803795,0,12730203,0,41609.05,20002.17,767903.95,1074821.97,1474608.93,2437206.46,4069141.68,169344,41254911,1243005.74,931190.16,12730203,1000,1000,1000,0,0,0,0,0,0,1044644.36,1816034.64,3233302.91,1117916.68,20002
1790803796,0,12750211,0,41538.78,20006.91,767724.63,1074560.69,1474127.51,2436222.99,4066949.94,169344,41254911,1242582.36,930653.19,12750211,1000,1000,1000,0,0,0,0,0,0,939487.60,1608663.54,2031510.29,973204.13,20008
1790803797,0,12770216,0,41468.82,20006.54,767519.79,1074258.50,1473615.42,2435342.17,4064143.85,169344,41254911,1242151.14,930131.64,12770216,1000,1000,1000,0,0,0,0,0,0,930293.66,1559702.82,2110279.03,967316.46,20005
1790803798,0,12790200,0,41399.25,19982.36,767565.95,1074217.63,1473379.93,2434390.10,4063182.80,169344,41254911,1241959.00,929732.60,12790200,1000,1000,1000,0,0,0,0,0,0,1063073.10,1819805.44,2663958.47,1119174.26,19984
1790803799,0,12810202,0,41330.24,20002.88,767565.90,1074279.00,1473236.43,2434051.79,4061932.44,169344,41254911,1241900.05,929334.88,12810202,1000,1000,1000,0,0,0,0,0,0,1117443.79,2134470.63,3324998.78,1204201.36,20002
1790803800,0,12830202,0,41261.59,20000.40,767489.06,1074155.99,1472980.31,2433181.19,4059413.19,169344,41254911,1241639.96,928800.74,12830202,1000,1000,1000,0,0,0,0,0,0,1025273.88,1788896.28,2314945.56,1075054.07,20000
1790803801,0,12850210,0,41193.50,20007.92,767391.66,1074002.24,1472693.39,2432576.59,4056771.03,169344,41254911,1241335.75,928316.27,12850210,1000,1000,1000,0,0,0,0,0,0,983072.98,1853583.79,2475005.62,1046261.44,20008
1790803802,0,12870205,0,41125.75,19994.70,767207.36,1073700.18,1472130.18,2431327.11,4054354.05,169344,41254911,1240922.08,927778.33,12870205,1000,1000,1000,0,0,0,0,0,0,943849.43,1578200.14,2077189.99,975067.15,19995
1790803803,0,12890212,0,41058.48,20006.86,767278.97,1073756.39,1472068.60,2430896.64,4054476.49,169344,41254911,1240873.79,927446.27,12890212,1000,1000,1000,0,0,0,0,0,0,1128578.85,2064113.27,3510851.51,1209807.53,20007
1790803804,0,12910201,0,40991.56,19988.50,767340.46,1073853.66,1472027.61,2430497.17,4054332.97,169344,41254911,1240808.44,927236.08,12910201,1000,1000,1000,0,0,0,0,0,0,1102344.30,2136446.24,3784688.25,1198669.50,19989
1790803805,0,12930204,0,40925.16,20003.58,767304.54,1073776.74,1471720.25,2430251.28,4055235.67,169344,41254911,1240734.43,927314.83,12930204,1000,1000,1000,0,0,0,0,0,0,1039124.28,2163019.03,4482605.56,1192967.23,20003
1790803806,0,12950205,0,40859.09,20000.73,767186.73,1073643.57,1471453.89,2429882.16,4059166.25,169344,41254911,1241040.09,933904.89,12950205,1000,1000,1000,0,0,0,0,0,0,993311.31,2042900.76,11369852.37,1438637.53,20001
1790803807,0,12970202,0,40793.56,19997.92,767140.67,1073474.53,1471146.65,2428776.11,4056503.75,169344,41254911,1240750.70,933348.53,12970202,1000,1000,1000,0,0,0,0,0,0,1022607.20,1669933.51,2078078.34,1053340.94,19997
1790803808,0,12990209,0,40728.35,20006.35,767186.66,1073546.14,1470982.68,2428253.67,4056462.30,169344,41254911,1240647.88,933059.11,12990209,1000,1000,1000,0,0,0,0,0,0,1094800.02,1951003.47,3413432.96,1173992.69,20007
1790803809,0,13010193,0,40663.54,19984.19,767232.72,1073581.93,1470869.99,2427413.84,4054496.09,169344,41254911,1240489.57,932522.73,13010193,1000,1000,1000,0,0,0,0,0,0,1094883.41,1858259.70,2402266.62,1137585.51,19984
1790803810,0,13030198,0,40599.14,20004.79,767278.74,1073607.44,1470746.93,2426542.84,4052242.95,169344,41254911,1240350.68,931982.31,13030198,1000,1000,1000,0,0,0,0,0,0,1108976.26,1878523.29,2402871.38,1150024.10,20005
1790803811,0,13050206,0,40535.19,20006.84,767324.84,1073622.76,1470562.60,2425631.32,4049867.23,169344,41254911,1240188.68,931438.22,13050206,1000,1000,1000,0,0,0,0,0,0,1097843.28,1867759.49,2290999.25,1134682.98,20008
1790803812,0,13070208,0,40471.61,20003.12,767335.03,1073694.36,1470378.09,2425088.25,4048187.26,169344,41254911,1240045.23,930946.94,13070208,1000,1000,1000,0,0,0,0,0,0,1088714.60,1964495.64,2804191.31,1146455.46,20002
1790803813,0,13090204,0,40408.37,19996.90,767314.54,1073684.11,1470296.15,2424361.12,4045565.64,169344,41254911,1239871.01,930418.96,13090204,1000,1000,1000,0,0,0,0,0,0,1086520.46,1801994.73,2473201.43,1125994.01,19996
1790803814,0,13110210,0,40345.59,20004.45,767355.43,1073643.03,1470080.99,2423582.71,4043312.86,169344,41254911,1239701.83,929892.27,13110210,1000,1000,1000,0,0,0,0,0,0,1086034.12,1856647.00,2446551.61,1129002.30,20006
1790803815,0,13130202,0,40283.20,19992.49,767375.91,1073668.59,1469927.24,2422814.39,4040875.11,169344,41254911,1239523.95,929364.19,13130202,1000,1000,1000,0,0,0,0,0,0,1076519.52,1827229.27,2520510.77,1122873.00,19992
1790803816,0,13150204,0,40221.15,20001.81,767401.48,1073745.35,1469794.06,2421872.18,4039647.31,169344,41254911,1239411.38,929079.07,13150204,1000,1000,1000,0,0,0,0,0,0,1101680.06,1852899.51,3148179.64,1165518.93,20002
1790803817,0,13170203,0,40159.48,19998.62,767442.42,1073791.35,1469722.29,2421400.80,4039072.90,169344,41254911,1239396.47,929129.95,13170203,1000,1000,1000,0,0,0,0,0,0,1117331.67,2091838.48,4264253.99,1229593.20,19999
1790803818,0,13190209,0,40098.26,20007.18,767437.21,1073827.09,1469578.76,2420622.14,4036922.30,169344,41254911,1239231.97,928599.45,13190209,1000,1000,1000,0,0,0,0,0,0,1089613.24,1849460.88,2358220.84,1130939.82,20006
1790803819,0,13210208,0,40037.32,19998.88,767508.83,1073847.50,1469425.12,2420038.45,4034546.29,169344,41254911,1239106.23,928105.94,13210208,1000,1000,1000,0,0,0,0,0,0,1103355.42,1964159.01,2734370.44,1156170.80,19999
1790803820,0,13230201,0,39976.73,19992.06,767478.17,1073837.25,1469281.65,2419331.49,4032886.69,169344,41254911,1238960.35,927613.60,13230201,1000,1000,1000,0,0,0,0,0,0,1095631.50,1900429.24,2569750.59,1142573.93,19993
1790803821,0,13250202,0,39916.57,20001.84,767498.63,1073898.62,1469148.43,2418727.06,4031329.91,169344,41254911,1238812.52,927130.95,13250202,1000,1000,1000,0,0,0,0,0,0,1092950.48,1871379.86,2692517.02,1141027.00,20001
1790803822,0,13270209,0,39856.74,20006.41,767529.25,1073790.95,1468851.26,2417651.45,4029138.06,169344,41254911,1238590.09,926592.25,13270209,1000,1000,1000,0,0,0,0,0,0,1060731.26,1692292.00,2217089.92,1091279.77,20007
1790803823,0,13290200,0,39797.26,19990.60,767508.80,1073816.55,1468533.82,2417077.98,4027274.45,169344,41254911,1238375.80,926071.72,13290200,1000,1000,1000,0,0,0,0,0,0,1059204.99,1759044.60,2392693.97,1096124.13,19991
1790803824,0,13310204,0,39738.15,20003.94,767534.33,1073867.65,1468441.50,2416258.47,4024734.86,169344,41254911,1238211.50,925553.63,13310204,1000,1000,1000,0,0,0,0,0,0,1088611.13,1840791.55,2441340.52,1129059.79,20004
1790803825,0,13330207,0,39679.45,20003.45,767554.80,1073923.93,1468359.50,2415490.24,4023546.62,169344,41254911,1238073.69,925070.51,13330207,1000,1000,1000,0,0,0,0,0,0,1097406.89,1887153.24,2530752.93,1146371.98,20003
1790803826,0,13350207,0,39621.01,19999.67,767565.01,1073913.64,1468236.52,2414793.67,4021498.25,169344,41254911,1237940.24,924561.15,13350207,1000,1000,1000,0,0,0,0,0,0,1105565.62,1878391.01,2448604.18,1148995.01,20000
1790803827,0,13370202,0,39562.95,19995.72,767575.25,1073908.49,1468062.38,2413933.44,4019860.45,169344,41254911,1237776.92,924106.87,13370202,1000,1000,1000,0,0,0,0,0,0,1079044.95,1774756.47,2717036.97,1128728.95,19995
1790803828,0,13390202,0,39505.21,19999.99,767585.45,1073949.38,1467970.11,2413380.12,4019060.69,169344,41254911,1237688.76,923852.17,13390202,1000,1000,1000,0,0,0,0,0,0,1098701.57,1942249.75,3530692.12,1178752.90,20000
1790803829,0,13410207,0,39447.87,20005.16,767590.51,1074010.71,1467785.65,2412898.51,4017073.75,169344,41254911,1237556.29,923372.18,13410207,1000,1000,1000,0,0,0,0,0,0,1094070.08,1937685.05,2685118.03,1148886.06,20005
1790803830,0,13430204,0,39390.82,19996.66,767600.70,1074031.08,1467713.83,2412058.44,4015045.77,169344,41254911,1237412.12,922855.87,13430204,1000,1000,1000,0,0,0,0,0,0,1096842.00,1897607.57,2301679.91,1140735.39,19997
1790803831,0,13450203,0,39334.12,19998.28,767631.45,1074051.60,1467642.12,2411423.58,4013243.65,169344,41254911,1237278.88,922369.24,13450203,1000,1000,1000,0,0,0,0,0,0,1098093.76,1877996.46,2695202.89,1147802.26,19999
1790803832,0,13470206,0,39277.75,20004.30,767667.23,1074118.05,1467539.58,2410829.29,4011624.84,169344,41254911,1237165.36,921908.27,13470206,1000,1000,1000,0,0,0,0,0,0,1104202.93,1931300.52,2746147.49,1160834.43,20003
1790803833,0,13490210,0,39221.68,20003.67,767677.40,1074179.38,1467416.55,2409958.56,4009412.80,169344,41254911,1237014.60,921404.81,13490210,1000,1000,1000,0,0,0,0,0,0,1092590.11,1873037.10,2405034.43,1135492.34,20004
1790803834,0,13510200,0,39165.98,19990.16,767703.07,1074148.71,1467283.42,2409313.45,4007016.52,169344,41254911,1236869.07,920907.76,13510200,1000,1000,1000,0,0,0,0,0,0,1089816.25,1848578.20,2609604.55,1138660.86,19990
1790803835,0,13530205,0,39110.57,20003.95,767733.73,1074199.83,1467221.90,2408545.25,4005152.66,169344,41254911,1236732.00,920415.84,13530205,1000,1000,1000,0,0,0,0,0,0,1101045.67,1862059.39,2492884.44,1144158.85,20005
1790803836,0,13550202,0,39055.47,19998.24,767749.08,1074189.55,1467088.69,2407602.89,4003104.40,169344,41254911,1236582.32,919899.09,13550202,1000,1000,1000,0,0,0,0,0,0,1096697.26,1851186.32,2266817.82,1135312.24,19997
1790803837,0,13570208,0,39000.72,20005.39,767779.73,1074220.16,1466904.27,2406793.81,4000687.47,169344,41254911,1236417.41,919384.92,13570208,1000,1000,1000,0,0,0,0,0,0,1096072.76,1806407.07,2320672.04,1124720.45,20006
1790803838,0,13590206,0,38946.26,19998.12,767810.44,1074327.65,1466853.00,2406343.02,4000237.69,169344,41254911,1236382.80,919206.42,13590206,1000,1000,1000,0,0,0,0,0,0,1114595.30,2018500.75,3858890.21,1212895.71,19998
1790803839,0,13610203,0,38892.14,19997.37,767805.30,1074404.40,1466924.55,2405861.47,3999192.78,169344,41254911,1236322.53,918823.28,13610203,1000,1000,1000,0,0,0,0,0,0,1128666.94,2015521.35,3008100.52,1195367.04,19997
1790803840,0,13630202,0,38838.28,19998.54,767851.36,1074399.24,1466668.46,2405226.45,3997021.78,169344,41254911,1236163.33,918321.95,13630202,1000,1000,1000,0,0,0,0,0,0,1087389.82,1841115.82,2435910.41,1127814.74,19999
1790803841,0,13650207,0,38784.77,20006.42,767892.25,1074342.81,1466504.52,2404509.34,3994625.27,169344,41254911,1235988.10,917813.06,13650207,1000,1000,1000,0,0,0,0,0,0,1080564.52,1817966.68,2320112.01,1116598.95,20005
1790803842,0,13670208,0,38731.56,19999.10,767928.09,1074404.20,1466432.72,2403853.81,3992822.93,169344,41254911,1235843.41,917321.56,13670208,1000,1000,1000,0,0,0,0,0,0,1095625.88,1885582.80,2427610.61,1137093.41,20001
1790803843,0,13690208,0,38678.59,20000.74,767922.91,1074404.15,1466207.35,2402993.28,3990282.99,169344,41254911,1235645.23,916798.24,13690208,1000,1000,1000,0,0,0,0,0,0,1070837.07,1716259.66,2158518.50,1100190.08,20000
1790803844,0,13710199,0,38625.96,19991.43,767928.05,1074399.00,1466084.40,2402276.28,3987743.45,169344,41254911,1235521.60,916315.41,13710199,1000,1000,1000,0,0,0,0,0,0,1107696.95,1895547.47,2541049.75,1150858.88,19991
1790803845,0,13730203,0,38573.67,20003.20,768015.07,1074537.19,1466115.05,2401610.51,3986719.02,169344,41254911,1235450.36,915859.68,13730203,1000,1000,1000,0,0,0,0,0,0,1144236.69,1886695.76,2600749.02,1186621.47,20004
1790803846,0,13750207,0,38521.66,20005.02,768040.59,1074634.37,1466166.17,2401067.50,3984363.45,169344,41254911,1235391.47,915399.90,13750207,1000,1000,1000,0,0,0,0,0,0,1154147.51,1993589.91,2575871.05,1194970.25,20004
1790803847,0,13770204,0,38469.87,19997.19,768061.10,1074741.87,1466217.30,2400330.17,3982192.63,169344,41254911,1235290.07,914908.28,13770204,1000,1000,1000,0,0,0,0,0,0,1131224.35,1865121.21,2379123.84,1165568.30,19997
1790803848,0,13790208,0,38418.46,20003.37,768102.01,1074772.51,1466125.02,2399695.09,3979611.92,169344,41254911,1235171.51,914421.80,13790208,1000,1000,1000,0,0,0,0,0,0,1114098.77,1908815.27,2390672.48,1153559.71,20004
1790803849,0,13831804,0,38427.15,41593.47,768177.01,1074995.42,1466629.78,2402046.99,3998028.30,169344,41254911,1236811.78,926468.82,13831804,1000,1000,1000,0,0,0,0,0,0,1140375.97,5517301.55,14751670.82,1780606.59,41596
1790803850,0,14001831,0,38791.75,170038.23,767903.50,1074824.51,1467987.00,2411582.82,4091397.05,169344,41254911,1243167.57,979375.94,14001831,1000,1000,1000,0,0,0,0,0,0,1097619.00,5373863.58,17441530.53,1760214.66,170027
1790803851,0,14201811,0,39237.05,199969.37,767287.19,1073921.48,1468099.81,2411108.85,4083352.74,169344,41254911,1242349.67,976163.27,14201811,1000,1000,1000,0,0,0,0,0,0,1053037.18,2304556.50,3588959.78,1185083.67,199980
1790803852,0,14401852,0,39680.09,200056.91,766527.16,1073100.44,1468600.66,2417901.10,4109917.72,169344,41254911,1243014.91,976789.52,14401852,1000,1000,1000,0,0,0,0,0,0,1042501.82,2893234.68,5808875.23,1290243.22,200041
1790803853,0,14601825,0,40120.57,199971.78,765747.22,1072100.28,1468701.92,2420792.97,4103681.35,169344,41254911,1242423.10,974028.10,14601825,1000,1000,1000,0,0,0,0,0,0,1041241.35,2449563.31,3856077.81,1199801.15,199973
1790803854,0,14801859,0,40558.74,200034.16,764885.18,1071022.48,1469098.18,2424641.29,4118445.01,169344,41254911,1242419.84,973398.66,14801859,1000,1000,1000,0,0,0,0,0,0,1036122.93,2632214.45,4935648.53,1242182.35,200034
1790803855,0,15001828,0,40994.31,199960.35,764468.35,1070522.21,1469802.31,2427241.88,4119377.06,169344,41254911,1242435.10,971887.07,15001828,1000,1000,1000,0,0,0,0,0,0,1076190.84,2579187.45,4468890.32,1243564.89,199969
1790803856,0,15201783,0,41427.54,199959,764431.14,1070263.18,1470065.26,2428196.56,4136103.17,169344,41254911,1243061.75,976078.93,15201783,1000,1000,1000,0,0,0,0,0,0,1085259.04,2410386.92,6459088.59,1290076.37,199955
1790803857,0,15401887,0,41858.76,200096.80,764133.14,1069713.87,1470013.67,2428952.73,4136594.15,169344,41254911,1242693.48,974053.95,15401887,1000,1000,1000,0,0,0,0,0,0,1057093.99,2398292.38,4008139.54,1214716.10,200104
1790803858,0,15601848,0,42287.32,199976.45,764110.92,1069357.38,1470419.15,2429445.09,4142106.64,169344,41254911,1242880.19,974228.80,15601848,1000,1000,1000,0,0,0,0,0,0,1094970.54,2376993.41,4280114.93,1257261.38,199961
1790803859,0,15801779,0,42713.41,199922.14,764072.92,1069129.56,1470868.23,2428049.64,4132943.58,169344,41254911,1242611.38,971881.96,15801779,1000,1000,1000,0,0,0,0,0,0,1093273.44,2335441.19,3720671.91,1221634.79,199931
1790803860,0,16001827,0,43137.55,200047.67,764369.15,1069414.77,1472023.57,2429171.47,4141411.15,169344,41254911,1243281.26,971512.43,16001827,1000,1000,1000,0,0,0,0,0,0,1131179.50,2506479.68,4786214.41,1296194.59,200048
1790803861,0,16201774,0,43559.19,199960.01,764099.98,1068678.82,1471609.96,2427513.03,4130396.48,169344,41254911,1242354.05,968115.58,16201774,1000,1000,1000,0,0,0,0,0,0,1048503.84,2276710.46,3432192.65,1168149.51,199947
1790803862,0,16401826,0,43978.77,200044.74,763822.60,1068135.16,1471938.16,2427706.68,4136183.32,169344,41254911,1242287.02,967058.38,16401826,1000,1000,1000,0,0,0,0,0,0,1062295.11,2414044.96,4687296.71,1236858.72,200052
1790803863,0,16601863,0,44396.12,200031.96,764067.93,1068400.29,1472930.34,2429538.76,4131899.11,169344,41254911,1242545.72,964521.63,16601863,1000,1000,1000,0,0,0,0,0,0,1119776.62,2526955.58,3885432.94,1263757.49,200037
1790803864,0,16801847,0,44811.04,199987.56,764348.23,1068418.04,1473274.58,2430175.88,4138209.02,169344,41254911,1242730.49,962711.78,16801847,1000,1000,1000,0,0,0,0,0,0,1105350.63,2503406.62,4336433.20,1258068.87,199984
1790803865,0,17001833,0,45223.85,199991.82,764142.41,1067602.53,1472219.74,2427161.09,4125849.75,169344,41254911,1241508.53,959464.85,17001833,1000,1000,1000,0,0,0,0,0,0,1045932.61,2110737.69,3330705.80,1138845.32,199986
1790803866,0,17201837,0,45634.40,199990.47,764176.46,1067338.54,1472062.75,2428024.06,4133678.91,169344,41254911,1241753.86,960950.37,17201837,1000,1000,1000,0,0,0,0,0,0,1075181.35,2458278.16,4743798.36,1262608.74,200004
1790803867,0,17401886,0,46042.94,200047.82,764338.32,1067268.35,1471915.54,2424476.19,4121152.63,169344,41254911,1241180.78,958896.09,17401886,1000,1000,1000,0,0,0,0,0,0,1090009.02,2124884.16,3559292.43,1191903.04,200049
1790803868,0,17601817,0,46449.11,199942.27,764506.19,1067343.34,1472159.68,2423542.15,4116667.88,169344,41254911,1240941.41,956321.02,17601817,1000,1000,1000,0,0,0,0,0,0,1102861.23,2313206.34,3681475.18,1220107.12,199931
1790803869,0,17801869,0,46853.35,200046.32,764356.19,1066726.23,1471890.41,2424124.00,4129869.03,169344,41254911,1241094.54,958111.70,17801869,1000,1000,1000,0,0,0,0,0,0,1049720.97,2511128.21,6249225.14,1254567.44,200052
1790803870,0,18001857,0,47255.28,199982.01,764687.75,1066933.91,1472533.04,2424601.83,4123143.18,169344,41254911,1241152.54,955649.91,18001857,1000,1000,1000,0,0,0,0,0,0,1117036.02,2408645.83,3694338.46,1246315.19,199988
1790803871,0,18201842,0,47655.18,199986.32,764932.05,1067161.60,1472867.16,2424681.23,4123241.41,169344,41254911,1241258.70,953943.76,18201842,1000,1000,1000,0,0,0,0,0,0,1105272.58,2409550.17,4178554.70,1250815.17,199985
1790803872,0,18401829,0,48052.96,200000.27,764690.98,1066536.06,1471965.70,2421003.24,4106978.93,169344,41254911,1240034.95,950588.80,18401829,1000,1000,1000,0,0,0,0,0,0,1046567.28,2079098.25,2867816.41,1128655.51,199987
1790803873,0,18601877,0,48448.84,200033.61,764786.53,1066400.21,1471819.19,2419636.01,4108166.98,169344,41254911,1239935.39,950319.78,18601877,1000,1000,1000,0,0,0,0,0,0,1080824.26,2298511.39,4499886.06,1230776.49,200048
1790803874,0,18801814,0,48842.41,199951.23,764545.63,1065697.78,1470557.67,2415544.68,4092983.00,169344,41254911,1238556.34,947057.31,18801814,1000,1000,1000,0,0,0,0,0,0,1024349.59,2033521.29,2982756.16,1110251.56,199937
1790803875,0,19001879,0,49234.26,200061.42,764524.41,1065364.46,1469974.00,2414869.65,4100429.27,169344,41254911,1238288.69,946139.59,19001879,1000,1000,1000,0,0,0,0,0,0,1058831.18,2350462.05,4981477.57,1213135.44,200065
1790803876,0,19201842,0,49623.75,199967.38,764472.03,1065024.06,1469571.38,2413101.60,4089419.72,169344,41254911,1237593.66,943623.51,19201842,1000,1000,1000,0,0,0,0,0,0,1057092.92,2240112.05,3316484.37,1171546.65,199963
1790803877,0,19401818,0,50011.34,199974.21,764639.95,1064914.88,1469159.83,2413181.62,4094980.37,169344,41254911,1237534.55,942541.74,19401818,1000,1000,1000,0,0,0,0,0,0,1078829.86,2387996.39,4595164.98,1231859.46,199976
1790803878,0,19601838,0,50396.99,200020.84,764639.44,1064565.35,1468830.76,2413853.05,4099056.91,169344,41254911,1237304.45,940967.92,19601838,1000,1000,1000,0,0,0,0,0,0,1058452.45,2486990.22,4163822.61,1214984.63,200020
1790803879,0,19801816,0,50780.59,199970.27,764658.84,1064354.01,1468675.63,2414451.97,4110825.05,169344,41254911,1237324.21,940536.55,19801816,1000,1000,1000,0,0,0,0,0,0,1066809.22,2436296.45,5115773.08,1239261.05,199978
1790803880,0,20001799,0,51162.24,199990.64,764647.80,1064142.20,1468591.65,2413837.87,4108668.94,169344,41254911,1236993.64,938484.73,20001799,1000,1000,1000,0,0,0,0,0,0,1062582.41,2334466.53,3988470.48,1204261.10,199983
1790803881,0,20201860,0,51542.15,200056.88,764631.56,1063966.71,1468477.10,2414842.85,4119846.34,169344,41254911,1237233.00,939822.41,20201860,1000,1000,1000,0,0,0,0,0,0,1068378.60,2501021.99,5261070.98,1261164.56,200061
1790803882,0,20401860,0,51919.90,199996.89,764891.80,1064323.00,1468627.53,2415081.14,4119198.99,169344,41254911,1237351.72,938156.02,20401860,1000,1000,1000,0,0,0,0,0,0,1113020.74,2442381.62,4175705.71,1249343.55,200000
1790803883,0,20601840,0,52295.74,199978.32,765208.74,1064644.50,1468995.39,2415910.94,4131540.38,169344,41254911,1237888.14,938478.98,20601840,1000,1000,1000,0,0,0,0,0,0,1115452.66,2533785.95,5408374.73,1292613.52,199980
1790803884,0,20801779,0,52669.56,199948.05,765331.18,1064438.76,1468584.08,2416894.78,4146972.50,169344,41254911,1237981.70,938064.83,20801779,1000,1000,1000,0,0,0,0,0,0,1058681.44,2523931.60,5409764.25,1247621.59,199939
1790803885,0,21001685,0,53041.49,199904.56,765519.78,1064442.46,1468571.99,2418807.68,4160218.26,169344,41254911,1238524.54,939584.90,21001685,1000,1000,1000,0,0,0,0,0,0,1084081.86,2660911.08,5949861.70,1295011.40,199906
1790803886,0,21201797,0,53411.92,200111.55,765805.17,1064563.00,1468559.28,2419126.84,4170301.56,169344,41254911,1238869.15,940561.77,21201797,1000,1000,1000,0,0,0,0,0,0,1100892.39,2426522.56,5441401.47,1275035.89,200112
1790803887,0,21401691,0,53780.06,199876.76,765913.41,1064358.54,1468098.50,2418543.18,4177606.42,169344,41254911,1238773.64,940203.01,21401691,1000,1000,1000,0,0,0,0,0,0,1072292.20,2337507.01,5045545.52,1228643.04,199894
1790803888,0,21601862,0,54147.01,200177.88,766352.21,1064755.54,1468545.62,2418929.08,4196491.16,169344,41254911,1239850.48,945129.59,21601862,1000,1000,1000,0,0,0,0,0,0,1126960.32,2489813.11,6885445.41,1354982.91,200171
1790803889,0,21801838,0,54511.66,199983.45,766408.26,1064611.95,1468239.20,2417813.90,4193044.87,169344,41254911,1239546.46,943877.91,21801838,1000,1000,1000,0,0,0,0,0,0,1072713.48,2252332.26,4198424.99,1206706.24,199976
1790803890,0,22001829,0,54874.44,199993.52,766550.96,1064703.23,1468360.96,2420031.95,4210054.41,169344,41254911,1240571.74,949271.61,22001829,1000,1000,1000,0,0,0,0,0,0,1085920.28,2683861.07,7060793.60,1352341.52,199991
1790803891,0,22201808,0,55235.44,199980.74,766694.17,1064646.87,1468207.66,2419435.76,4204239.51,169344,41254911,1240249.01,947095.78,22201808,1000,1000,1000,0,0,0,0,0,0,1081004.10,2335431.44,3628775.33,1204742.14,199979
1790803892,0,22401883,0,55594.93,200069.53,766693.09,1064501.46,1467775.05,2418392.17,4204790.21,169344,41254911,1240080.99,947402.63,22401883,1000,1000,1000,0,0,0,0,0,0,1056499.14,2296050.62,4248824.73,1221436.25,200075
1790803893,0,22601797,0,55952.15,199919.18,766784.04,1064478.92,1467466.49,2416208.68,4193496.95,169344,41254911,1239536.37,945157.99,22601797,1000,1000,1000,0,0,0,0,0,0,1079181.28,2173813.41,3415686.35,1178506.72,199914
1790803894,0,22801880,0,56308.08,200079.47,767049.14,1064712.83,1467556.41,2415716.72,4198926.96,169344,41254911,1239743.67,945065.72,22801880,1000,1000,1000,0,0,0,0,0,0,1105093.27,2442544.28,4699918.93,1263161.65,200083
1790803895,0,23001880,0,56662.11,200000.05,766879.23,1064251.11,1466859.12,2413502.95,4190892.52,169344,41254911,1238929.76,943025.08,23001880,1000,1000,1000,0,0,0,0,0,0,1036930.67,2149951.73,3349369.57,1146135.56,200000
1790803896,0,23201772,0,57014.01,199887.17,766904.15,1064019.53,1466304.94,2413332.37,4198656.15,169344,41254911,1238872.05,943073.72,23201772,1000,1000,1000,0,0,0,0,0,0,1056590.76,2375479.86,5677415.45,1232231.56,199892
1790803897,0,23401818,0,57364.68,200044.75,766898.70,1063798.70,1465546.68,2410595.18,4190898.34,169344,41254911,1238137.43,941028.07,23401818,1000,1000,1000,0,0,0,0,0,0,1048789.66,2070000.25,3525889.94,1152934.98,200046
1790803898,0,23601871,0,57713.58,200054.30,767174.74,1064018.01,1465463.76,2409821.94,4191453.12,169344,41254911,1238168.63,940266.79,23601871,1000,1000,1000,0,0,0,0,0,0,1100820.42,2353383.72,4124109.48,1241817.66,200053
1790803899,0,23801856,0,58060.62,199985.49,767455.71,1064298.27,1465666.72,2409585.94,4190950.20,169344,41254911,1238309.07,939558.52,23801856,1000,1000,1000,0,0,0,0,0,0,1110777.08,2473189.66,4531614.44,1254883.73,199985
1790803900,0,24001852,0,58406,199996.46,767434.82,1064133.83,1465082.73,2409980.62,4201961.32,169344,41254911,1238656.33,942634.05,24001852,1000,1000,1000,0,0,0,0,0,0,1055605.16,2473321.18,7094934.45,1279984.02,199996
1790803901,0,24201840,0,58749.67,199991.21,767470.39,1064102.75,1464970.00,2409321.28,4191696.26,169344,41254911,1238251.89,940452.97,24201840,1000,1000,1000,0,0,0,0,0,0,1071129.70,2324438.97,3279055.40,1189713.37,199988
1790803902,0,24401810,0,59091.69,199968.76,767551.64,1064152.79,1464835.54,2410187.45,4198197.41,169344,41254911,1238375.16,940314.24,24401810,1000,1000,1000,0,0,0,0,0,0,1075848.95,2554873.12,4880819.02,1253294.44,199970
1790803903,0,24601825,0,59432.12,200018.69,767464.24,1063906.36,1464260.92,2409290.90,4190523.78,169344,41254911,1237779.66,938276.59,24601827,1000,1000,1000,0,0,0,0,0,0,1045845.00,2288075.09,3633090.63,1165129.18,200017
1790803904,0,24801807,0,59770.83,199983.31,767586.45,1063843.92,1463696.93,2407076.13,4183747.75,169344,41254911,1237190.41,936106.39,24801807,1000,1000,1000,0,0,0,0,0,0,1066140.46,2130642.93,3346248.23,1164700.13,199980
1790803905,0,25001868,0,60108.10,200057.33,767682.92,1063945.13,1463541.87,2406588.91,4184808.81,169344,41254911,1237115.69,935023.47,25001868,1000,1000,1000,0,0,0,0,0,0,1090912.98,2377668.63,4425028.59,1227852.36,200061
1790803906,0,25201811,0,60443.45,199932.46,767652.01,1063601.77,1462732.42,2403954.59,4175212.32,161408,41254911,1236280.62,932810.23,25201811,1000,1000,1000,0,0,0,0,0,0,1041816.53,2056904.48,3172203.11,1131859.05,199943
1790803907,0,25401882,0,60777.57,200070.84,767728.25,1063539.02,1462198.59,2402128.44,4173614.65,161408,41254911,1236042.29,933010.69,25401882,1000,1000,1000,0,0,0,0,0,0,1070669.70,2110948.86,4356656.64,1206021.43,200071
1790803908,0,25601892,0,61109.89,200018.33,767789.14,1063384.48,1461716.37,2400017.90,4162095.56,161408,41254911,1235388.25,930841.84,25601892,1000,1000,1000,0,0,0,0,0,0,1053770.32,2157094.08,2991544.51,1152322.74,200010
1790803909,0,25780663,0,61390.16,178774.26,767654.41,1063074.82,1461021.48,2398456.66,4166179.60,161408,41254911,1234916.45,929768.50,25780663,1000,1000,1000,0,0,0,0,0,0,1032110.05,2146582.76,4586799.19,1167349.61,178771
1790803910,0,25832577,0,61367.64,51913.10,767593.05,1062995.06,1460890.66,2397581.47,4163610.14,161408,41254911,1234699.67,929151.83,25832577,1000,1000,1000,0,0,0,0,0,0,1039874.61,2038768.72,3003705.30,1127044.77,51914
1790803911,0,25852572,0,61269.64,19994.77,767644.24,1063056.49,1460993.04,2397468.76,4162278.92,161408,41254911,1234712.91,928928.00,25852572,1000,1000,1000,0,0,0,0,0,0,1190293.68,2168358.61,2816284.36,1251827.08,19995
1790803912,0,25872568,0,61172.02,19995.59,767685.26,1063102.64,1461034.04,2397089.78,4160640.29,161408,41254911,1234665.04,928662.62,25872568,1000,1000,1000,0,0,0,0,0,0,1142987.51,1834668.71,2349161.01,1172774.39,19996
1790803913,0,25892571,0,61074.91,20002.57,767674.98,1063184.52,1461054.47,2396659.71,4159616.52,161408,41254911,1234624.45,928415.05,25892571,1000,1000,1000,0,0,0,0,0,0,1137080.99,1934208.45,2574271.83,1182118.14,20003
1790803914,0,25912574,0,60978.29,20003.75,767710.78,1063163.97,1461013.41,2396342.13,4158039.35,161408,41254911,1234562.64,928152.10,25912574,1000,1000,1000,0,0,0,0,0,0,1113023.98,1863593.87,2453798.17,1154561.37,20003
1790803915,0,25932574,0,60882.04,20000.07,767710.78,1063194.66,1461064.57,2396270.46,4158776.99,161408,41254911,1234627.30,928507.08,25932574,1000,1000,1000,0,0,0,0,0,0,1144828.11,2272696.45,6029266.87,1318402.49,20000
1790803916,0,25952572,0,60786.34,19997.76,767761.99,1063256.12,1461177.24,2396178.20,4157916.86,161408,41254911,1234594.97,928280.67,25952572,1000,1000,1000,0,0,0,0,0,0,1139171.78,2085627.44,2627964.38,1192664.98,19998
1790803917,0,25972570,0,60691.04,19997.38,767746.65,1063245.92,1461126.06,2395881.34,4156831.32,161408,41254911,1234542.88,928050.90,25972570,1000,1000,1000,0,0,0,0,0,0,1112146.62,1918216.04,2695106.37,1166942.80,19998
1790803918,0,25992575,0,60596.16,20005.89,767787.62,1063317.61,1461156.77,2395440.91,4155561.63,161408,41254911,1234484.87,927791.99,25992575,1000,1000,1000,0,0,0,0,0,0,1121028.90,1855977.99,2446359.52,1159168.86,20005
1790803919,0,26012568,0,60501.73,19992.70,767772.23,1063281.73,1461115.75,2395031.24,4154373.77,161408,41254911,1234425.75,927537.58,26012568,1000,1000,1000,0,0,0,0,0,0,1120126.70,1815093.37,2490141.13,1157566.28,19993
1790803920,0,26032576,0,60407.77,20007.30,767802.93,1063327.77,1461054.26,2394703.44,4153062.92,161408,41254911,1234366.21,927274.29,26032576,1000,1000,1000,0,0,0,0,0,0,1124084.18,1798824.05,2433749.65,1156955.51,20008
1790803921,0,26052576,0,60314.21,20000.42,767782.47,1063384.11,1461074.77,2394467.90,4151588.33,161408,41254911,1234298.10,927006.33,26052576,1000,1000,1000,0,0,0,0,0,0,1121833.85,1788757.68,2197213.31,1145643.17,20000
1790803922,0,26072567,0,60221.10,19991.39,767828.49,1063404.51,1461084.88,2394180.99,4150236.56,161408,41254911,1234257.50,926762.79,26072567,1000,1000,1000,0,0,0,0,0,0,1134165.41,1948432.61,2461402.00,1181348.71,19991
1790803923,0,26092580,0,60128.40,20012.43,767843.92,1063440.43,1461074.73,2393884.13,4148680.11,161408,41254911,1234211.61,926512.44,26092580,1000,1000,1000,0,0,0,0,0,0,1137535.75,1938929.21,2531857.39,1174424.75,20013
1790803924,0,26112567,0,60036.15,19987.54,767838.74,1063430.10,1461074.61,2393730.35,4147205.51,161408,41254911,1234158.99,926268.27,26112567,1000,1000,1000,0,0,0,0,0,0,1116422.90,1900026.62,2696625.46,1165471.31,19987
1790803925,0,26132577,0,59944.37,20009.39,767864.34,1063460.82,1461084.84,2393453.82,4146550.00,161408,41254911,1234132.30,926038.87,26132577,1000,1000,1000,0,0,0,0,0,0,1145566.38,2015810.19,2753250.37,1199307.00,20010
1790803926,0,26152582,0,59852.89,20005.57,767854.15,1063491.60,1461207.76,2393033.95,4145341.70,161408,41254911,1234096.83,925792.10,26152582,1000,1000,1000,0,0,0,0,0,0,1138024.79,1971012.37,2628585.40,1187753.28,20005
1790803927,0,26172573,0,59761.92,19991.06,767915.52,1063563.18,1461207.65,2392921.18,4146037.70,161408,41254911,1234136.74,925914.79,26172573,1000,1000,1000,0,0,0,0,0,0,1146420.30,2050200.46,5105242.46,1286348.51,19991
1790803928,0,26192567,0,59671.30,19994.23,767915.57,1063583.74,1461187.25,2392511.68,4144522.33,161408,41254911,1234075.50,925648.65,26192567,1000,1000,1000,0,0,0,0,0,0,1122384.77,1822035.99,2313592.35,1153918.72,19994
1790803929,0,26212571,0,59581.07,20002.81,767930.87,1063542.69,1461135.93,2392009.68,4143948.71,161408,41254911,1233997.56,925397.51,26212571,1000,1000,1000,0,0,0,0,0,0,1098587.30,1742340.68,2345462.20,1131940.18,20004
1790803930,0,26232570,0,59491.41,20000.36,767956.51,1063568.34,1461064.30,2391641.10,4142371.78,161408,41254911,1233936.23,925138.24,26232570,1000,1000,1000,0,0,0,0,0,0,1118646.47,1877707.89,2342769.89,1153553.66,19999
1790803931,0,26252571,0,59401.99,19999.58,767946.17,1063634.74,1461135.81,2391323.39,4141265.48,161408,41254911,1233879.41,924893.10,26252571,1000,1000,1000,0,0,0,0,0,0,1121040.62,1912648.63,2440994.75,1159355.68,20001
1790803932,0,26272565,0,59313.04,19994.75,767941.16,1063696.33,1461156.44,2390934.51,4140200.78,161408,41254911,1233832.30,924649.52,26272565,1000,1000,1000,0,0,0,0,0,0,1129062.30,1900768.60,2653626.63,1171971.73,19994
1790803933,0,26292569,0,59224.50,20003.80,767966.74,1063711.67,1461187.13,2390760.40,4139053.80,161408,41254911,1233820.82,924424.96,26292569,1000,1000,1000,0,0,0,0,0,0,1158763.78,2055649.72,2899523.90,1218743.53,20004
1790803934,0,26312580,0,59136.36,20010.90,768028.13,1063726.94,1461320.10,2390616.75,4138050.04,161408,41254911,1233830.48,924198.70,26312580,1000,1000,1000,0,0,0,0,0,0,1201114.82,1994302.17,2800368.97,1246525.04,20011
1790803935,0,26332578,0,59048.58,19999.12,768063.94,1063798.58,1461320.05,2390442.57,4136575.48,161408,41254911,1233797.41,923957.53,26332578,1000,1000,1000,0,0,0,0,0,0,1140088.79,2018297.62,2550973.48,1190284.90,19998
1790803936,0,26352575,0,58961.23,19996.22,768043.50,1063895.93,1461299.62,2390145.59,4135121.45,161408,41254911,1233751.02,923708.30,26352575,1000,1000,1000,0,0,0,0,0,0,1139250.39,1876663.83,2367570.47,1172668.06,19997
1790803937,0,26372576,0,58874.26,20001.14,768094.73,1063901.07,1461371.33,2389746.29,4133810.77,161408,41254911,1233714.19,923457.35,26372576,1000,1000,1000,0,0,0,0,0,0,1146268.42,1959628.69,2454503.30,1185181.27,20001
1790803938,0,26392571,0,58787.61,19994.05,768140.75,1063895.86,1461371.22,2389787.08,4134588.66,161408,41254911,1233737.72,923464.09,26392571,1000,1000,1000,0,0,0,0,0,0,1136907.10,2159292.31,4825024.62,1264770.98,19995
1790803939,0,26412571,0,58701.46,20001.06,768125.37,1063947.02,1461422.38,2389510.52,4133748.87,161408,41254911,1233723.25,923237.63,26412571,1000,1000,1000,0,0,0,0,0,0,1162226.46,2058927.13,2753046.86,1214637.89,20000
1790803940,0,26432572,0,58615.66,20001.46,768120.27,1063977.77,1461401.89,2388978.00,4132069.56,161408,41254911,1233642.89,922969.09,26432572,1000,1000,1000,0,0,0,0,0,0,1108762.07,1731509.63,2114006.99,1127511.29,20001
1790803941,0,26452572,0,58530.21,19999.32,768166.37,1064008.52,1461371.18,2388640.05,4130861.30,161408,41254911,1233589.72,922715.08,26452572,1000,1000,1000,0,0,0,0,0,0,1129873.79,1868681.75,2454989.75,1163330.99,20000
1790803942,0,26472567,0,58445.11,19995.55,768202.21,1064028.98,1461391.64,2388332.75,4129550.42,161408,41254911,1233531.06,922457.72,26472567,1000,1000,1000,0,0,0,0,0,0,1120013.07,1858445.51,2437599.38,1155915.17,19995
1790803943,0,26492565,0,58360.37,19997.50,768176.55,1064059.62,1461432.50,2388179.02,4128505.79,161408,41254911,1233507.01,922242.75,26492565,1000,1000,1000,0,0,0,0,0,0,1144050.10,2032135.55,2854248.82,1201679.93,19998
1790803944,0,26512575,0,58276.10,20009.70,768191.92,1064100.61,1461371.07,2387544.15,4127133.75,161408,41254911,1233439.76,921981.94,26512575,1000,1000,1000,0,0,0,0,0,0,1116880.76,1810238.17,2230932.74,1144393.12,20010
1790803945,0,26532774,0,58191.34,20199.58,768231.93,1064165.79,1461348.89,2387164.26,4125742.22,161408,41254911,1233367.90,921710.46,26532774,1000,1000,1000,0,0,0,0,0,0,1119384.00,1773961.36,2131697.35,1139053.74,20199
1790803946,0,26552572,0,58108.59,19798.45,768222.61,1064182.46,1461350.51,2386816.97,4124553.21,161408,41254911,1233297.91,921455.01,26552572,1000,1000,1000,0,0,0,0,0,0,1113710.46,1775719.63,2365901.97,1139493.33,19798
1790803947,0,26572560,0,58025.36,19987.49,768217.48,1064151.70,1461248.07,2386407.33,4123385.84,161408,41254911,1233225.38,921206.63,26572560,1000,1000,1000,0,0,0,0,0,0,1098081.41,1779617.71,2467934.29,1136879.67,19988
1790803948,0,26592569,0,57942.52,20008.94,768263.58,1064213.19,1461268.59,2386069.41,4122361.74,161408,41254911,1233181.08,920962.35,26592569,1000,1000,1000,0,0,0,0,0,0,1128171.41,1949504.37,2541395.76,1174343.53,20009
1790803949,0,26612568,0,57859.97,19998.66,768273.81,1064259.25,1461411.88,2385997.59,4122771.09,161408,41254911,1233205.22,920842.95,26612568,1000,1000,1000,0,0,0,0,0,0,1159031.06,2214684.33,3932318.44,1265312.73,19999
1790803950,0,26632580,0,57777.96,20012.38,768258.44,1064310.42,1461381.13,2385710.80,4121726.51,161408,41254911,1233146.54,920602.48,26632580,1000,1000,1000,0,0,0,0,0,0,1116496.82,1853420.43,2571948.05,1155102.00,20012
1790803951,0,26652571,0,57696.07,19991.06,768304.51,1064300.17,1461360.62,2385454.74,4120190.52,161408,41254911,1233113.86,920360.26,26652571,1000,1000,1000,0,0,0,0,0,0,1146940.88,1961265.37,2576891.24,1189582.75,19991
1790803952,0,26672583,0,57614.71,20011.89,768340.38,1064346.28,1461329.93,2385024.70,4118961.66,161408,41254911,1233056.58,920105.23,26672583,1000,1000,1000,0,0,0,0,0,0,1123267.13,1842279.59,2394504.39,1156763.54,20012
1790803953,0,26692574,0,57533.60,19990.60,768350.57,1064382.05,1461370.78,2384952.84,4118920.57,161408,41254911,1233034.62,919907.78,26692574,1000,1000,1000,0,0,0,0,0,0,1137093.91,2040054.51,3277534.77,1203742.33,19991
1790803954,0,26712570,0,57452.89,19996.69,768345.44,1064458.83,1461391.23,2384563.64,4117916.94,161408,41254911,1232992.61,919676.17,26712570,1000,1000,1000,0,0,0,0,0,0,1133775.91,1961090.20,2526302.81,1176911.51,19996
1790803955,0,26732573,0,57372.48,20002.42,768376.18,1064499.83,1461391.25,2384297.39,4116401.40,161408,41254911,1232924.94,919423.88,26732573,1000,1000,1000,0,0,0,0,0,0,1107815.32,1789189.97,2399257.26,1142561.38,20003
1790803956,0,26752573,0,57292.46,20000.87,768391.55,1064438.38,1461411.72,2384112.96,4115377.38,161408,41254911,1232901.07,919201.57,26752573,1000,1000,1000,0,0,0,0,0,0,1142245.60,2022573.23,2789020.39,1200995.59,20000
1790803957,0,26772572,0,57212.76,19998.44,768386.43,1064484.46,1461473.16,2383744.37,4114373.95,161408,41254911,1232861.40,918968.08,26772572,1000,1000,1000,0,0,0,0,0,0,1132008.70,1935905.33,2759627.13,1179796.64,19999
1790803958,0,26792576,0,57133.40,20004.28,768386.43,1064530.52,1461401.43,2383539.48,4113349.87,161408,41254911,1232830.34,918748.44,26792576,1000,1000,1000,0,0,0,0,0,0,1137341.73,2060865.44,2742517.79,1191261.14,20004
1790803959,0,26812570,0,57054.39,19993.68,768442.71,1064581.66,1461339.93,2383180.93,4111957.17,161408,41254911,1232768.26,918499.72,26812570,1000,1000,1000,0,0,0,0,0,0,1117331.70,1828272.69,2403546.61,1149576.30,19994
1790803960,0,26832567,0,56975.72,19996.96,768473.45,1064653.39,1461524.26,2383027.36,4111342.69,161408,41254911,1232782.40,918317.09,26832567,1000,1000,1000,0,0,0,0,0,0,1179486.05,2130599.55,3257707.75,1251736.77,19997
1790803961,0,26852575,0,56897.38,20007.36,768478.56,1064627.76,1461473.01,2382853.17,4110257.21,161408,41254911,1232747.27,918085.10,26852575,1000,1000,1000,0,0,0,0,0,0,1146271.55,1902770.13,2525968.91,1185635.21,20008
1790803962,0,26872559,0,56819.31,19984.78,768519.47,1064689.14,1461595.83,2382484.44,4108905.52,161408,41254911,1232724.87,917844.21,26872559,1000,1000,1000,0,0,0,0,0,0,1167643.39,1911675.67,2389483.32,1202625.63,19984
1790803963,0,26892572,0,56741.66,20012.86,768529.79,1064750.69,1461565.21,2381982.78,4107615.43,161408,41254911,1232670.70,917591.38,26892572,1000,1000,1000,0,0,0,0,0,0,1128410.67,1826202.23,2310086.61,1159930.49,20013
1790803964,0,26912565,0,56664.31,19992.95,768565.57,1064801.78,1461565.08,2381695.84,4106304.60,161408,41254911,1232626.57,917347.77,26912565,1000,1000,1000,0,0,0,0,0,0,1139956.97,1916664.25,2410474.77,1173267.46,19993
1790803965,0,26932568,0,56587.28,20003.28,768586.03,1064842.73,1461636.74,2381398.81,4104952.94,161408,41254911,1232612.17,917110.72,26932568,1000,1000,1000,0,0,0,0,0,0,1181577.13,1961146.93,2386747.91,1213236.77,20003
1790803966,0,26952572,0,56510.53,20003,768611.63,1064832.46,1461646.92,2381122.23,4103703.55,161408,41254911,1232562.26,916869.89,26952572,1000,1000,1000,0,0,0,0,0,0,1127770.78,1906595.63,2446787.26,1165371.23,20004
1790803967,0,26972573,0,56434.15,20002.35,768596.26,1064863.16,1461585.47,2380917.43,4103744.30,161408,41254911,1232522.33,916670.03,26972573,1000,1000,1000,0,0,0,0,0,0,1115421.96,2089839.75,2865527.81,1178715.98,20001
1790803968,0,26992576,0,56358.10,20002.95,768642.36,1064934.86,1461616.20,2380538.45,4102269.72,161408,41254911,1232483.09,916430.85,26992576,1000,1000,1000,0,0,0,0,0,0,1131665.00,1951534.08,2595702.67,1179575.15,20003
1790803969,0,27046434,0,56352.78,53855.60,768613.16,1064921.85,1461791.73,2382712.58,4118099.26,161408,41254911,1233057.00,918220.10,27046434,1000,1000,1000,0,0,0,0,0,0,1076800.13,4528384.51,7955118.49,1520686.47,53858
1790803970,0,27300522,0,56763.93,254098.37,768174.97,1064338.89,1461647.59,2388523.51,4186232.73,161408,41254911,1234847.71,927012.29,27300522,1000,1000,1000,0,0,0,0,0,0,1018788.16,4361020.79,8507394.37,1425460.01,254088
1790803971,0,27600639,0,57268.84,300100.43,767399.94,1062922.55,1459647.15,2386401.00,4176378.81,161408,41254911,1233185.60,924366.60,27600639,1000,1000,1000,0,0,0,0,0,0,962600.21,2112944.26,3446525.92,1081989.69,300117
1790803972,0,27900570,0,57771.32,299937.08,766707.38,1061445.73,1457525.25,2384661.86,4175469.66,161408,41254911,1231709.89,922255.46,27900570,1000,1000,1000,0,0,0,0,0,0,958902.37,2156356.38,4006447.64,1095910.69,299931
1790803973,0,28200562,0,58271.83,300003.01,766055.25,1060147.42,1455720.53,2382054.32,4164619.24,161408,41254911,1230136.25,919628.55,28200562,1000,1000,1000,0,0,0,0,0,0,958329.13,2108233.74,3242891.59,1083780.33,299992
1790803974,0,28500516,0,58770.16,299949.56,765584.07,1059194.30,1454295.74,2381056.19,4169267.95,161408,41254911,1229311.97,918709.14,28500516,1000,1000,1000,0,0,0,0,0,0,992941.34,2210706.19,4507014.81,1151816.32,299954
1790803975,0,28800611,0,59266.81,300108.20,765229.08,1058495.46,1453043.62,2380175.70,4185113.21,161408,41254911,1229282.38,923636.90,28800611,1000,1000,1000,0,0,0,0,0,0,1002567.71,2265958.19,6926591.30,1226471.96,300095
1790803976,0,29100481,0,59760.92,299865.96,764950.76,1057524.54,1451360.62,2378670.22,4186219.99,161408,41254911,1228334.70,922648.68,29100481,1000,1000,1000,0,0,0,0,0,0,990164.59,2185000.24,4328188.38,1137316.21,299870
1790803977,0,29400549,0,60253.41,300060.69,764268.22,1056026.96,1449576.14,2378091.75,4182625.59,161408,41254911,1227034.81,920766.90,29400549,1000,1000,1000,0,0,0,0,0,0,946428.83,2262105.12,3914998.51,1100972.24,300068
1790803978,0,29700563,0,60743.73,300009.43,763585.80,1054509.12,1447463.40,2375246.42,4179501.65,161408,41254911,1225775.09,921645.46,29700563,1000,1000,1000,0,0,0,0,0,0,947299.65,2038894.07,4090454.38,1102326.02,300014
1790803979,0,30000434,0,61231.78,299881.88,763201.01,1053478.02,1445669.80,2372749.09,4172991.67,161408,41254911,1224498.35,919957.90,30000434,1000,1000,1000,0,0,0,0,0,0,974381.46,2118191.02,3505094.64,1098043.69,299871
1790803980,0,30300508,0,61718.29,300075.43,762965.18,1052683.29,1444315.75,2372473.59,4180266.88,161408,41254911,1224039.00,920269.20,30300508,1000,1000,1000,0,0,0,0,0,0,997367.17,2307909.50,5174696.48,1178114.84,300074
1790803981,0,30600455,0,62202.55,299934.29,762846.28,1052328.36,1443689.85,2372384.98,4190699.23,161408,41254911,1223901.08,920202.45,30600455,1000,1000,1000,0,0,0,0,0,0,1033243.90,2427906.29,4906428.06,1209968.38,299947
1790803982,0,30900562,0,62685.19,300115.51,762789.89,1051887.23,1442878.23,2373940.24,4216067.18,161408,41254911,1224105.02,921207.46,30900562,1000,1000,1000,0,0,0,0,0,0,1028752.99,2793948.23,5634502.07,1244899.74,300107
1790803983,0,31200549,0,63165.59,299982.33,762338.69,1050877.03,1441298.98,2370790.11,4204881.03,161408,41254911,1222798.13,919424.64,31200549,1000,1000,1000,0,0,0,0,0,0,973176.83,1983797.53,3316798.21,1088180.98,299987
1790803984,0,31500579,0,63644.16,300035.30,762265.65,1050219.51,1439904.04,2369225.32,4205624.11,161408,41254911,1222190.92,919340.42,31500579,1000,1000,1000,0,0,0,0,0,0,1003434.46,2126956.15,4337256.98,1159045.57,300030
1790803985,0,31800580,0,64120.70,299995.36,762178.18,1049763.02,1438776.75,2366836.59,4193524.39,161408,41254911,1221222.49,916867.22,31800580,1000,1000,1000,0,0,0,0,0,0,1010615.15,2100590.10,3174056.36,1119536.36,300001
1790803986,0,32100503,0,64595.21,299916.21,762140.75,1049269.17,1437545.25,2365858.67,4194456.53,161408,41254911,1220625.13,915753.64,32100503,1000,1000,1000,0,0,0,0,0,0,1011997.62,2198742.64,4547444.64,1157287.81,299923
1790803987,0,32400635,0,65068.25,300130.08,761981.45,1048561.47,1436029.45,2364650.34,4190221.47,161408,41254911,1219688.50,913775.32,32400635,1000,1000,1000,0,0,0,0,0,0,995493.28,2222091.45,3813277.56,1119511.57,300132
1790803988,0,32700481,0,65538.75,299852.50,761770.32,1047765.51,1434674.31,2366360.02,4221953.17,161408,41254911,1219917.70,917256.30,32700481,1000,1000,1000,0,0,0,0,0,0,987523.78,2928046.18,7043559.73,1244684.59,299846
1790803989,0,33000556,0,66007.92,300087.91,761641.72,1046894.50,1432758.64,2363759.77,4216811.89,161408,41254911,1218868.07,916802.61,33000556,1000,1000,1000,0,0,0,0,0,0,977027.84,2011793.55,3751524.37,1104485.30,300075
1790803990,0,33300622,0,66475.12,300051.58,761333.68,1045792.48,1430984.51,2362943.57,4232646.65,161408,41254911,1219411.59,935138.35,33300622,1000,1000,1000,0,0,0,0,0,0,957680.20,2236498.18,10464480.74,1279186.35,300066
1790803991,0,33600525,0,66940.19,299914.92,761061.70,1044936.25,1429088.12,2358690.32,4219176.75,161408,41254911,1217900.41,932356.31,33600525,1000,1000,1000,0,0,0,0,0,0,971017.10,1823599.78,2818975.54,1050102.23,299903
1790803992,0,33900610,0,67403.70,300076.78,760871.54,1044433.33,1428184.86,2357312.67,4214566.76,161408,41254911,1217209.10,930861.74,33900610,1000,1000,1000,0,0,0,0,0,0,999993.01,2172351.07,3782482.08,1139802.24,300085
1790803993,0,34200615,0,67865.27,299994.78,760757.64,1044196.01,1427476.57,2354911.91,4206477.34,161408,41254911,1216483.45,928804.75,34200615,1000,1000,1000,0,0,0,0,0,0,1017742.21,2087440.08,3690781.61,1134485.58,300005
1790803994,0,34500411,0,68324.63,299810.21,760741.75,1043785.42,1426266.49,2353330.82,4211447.53,161408,41254911,1215949.42,927954.30,34500411,1000,1000,1000,0,0,0,0,0,0,1008581.63,2089654.92,4901125.77,1155027.58,299796
1790803995,0,34800526,0,68782.76,300107.81,760745.93,1043415.06,1425527.77,2352496.79,4206049.39,161408,41254911,1215384.73,925954.35,34800526,1000,1000,1000,0,0,0,0,0,0,1016690.04,2241884.02,3599764.81,1150469.47,300115
1790803996,0,35100552,0,69238.91,300022.55,760749.94,1042962.91,1424306.51,2350400.21,4198249.28,161408,41254911,1214470.35,923649.24,35100552,1000,1000,1000,0,0,0,0,0,0,1005577.38,2072244.25,3257565.04,1108409.28,300026
1790803997,0,35400519,0,69693.13,299972.11,760898.00,1042506.49,1422739.34,2348167.63,4194519.22,161408,41254911,1213770.43,923714.09,35400519,1000,1000,1000,0,0,0,0,0,0,1009926.47,2004124.61,4457746.35,1131869.91,299967
1790803998,0,35700553,0,70145.68,300046.42,761025.07,1042264.44,1421928.24,2347834.26,4201139.31,161408,41254911,1214015.43,927944.37,35700553,1000,1000,1000,0,0,0,0,0,0,1027268.39,2283969.43,6471502.91,1242922.95,300034
1790803999,0,36000571,0,70596.48,299997.61,761060.11,1041741.13,1420697.98,2345773.89,4190784.56,161408,41254911,1213178.95,925976.57,36000571,1000,1000,1000,0,0,0,0,0,0,1005317.86,2080044.10,3426871.10,1113641.81,300018
1790804000,0,36300436,0,71045.22,299880.61,760860.25,1041208.07,1419693.46,2345779.78,4199019.33,161408,41254911,1212958.13,927081.42,36300436,1000,1000,1000,0,0,0,0,0,0,992319.83,2281079.68,6169797.46,1186446.76,299865
1790804001,0,36600469,0,71492.49,300022.85,760583.13,1040490.18,1418575.52,2345308.01,4202593.56,161408,41254911,1212316.02,926046.46,36600469,1000,1000,1000,0,0,0,0,0,0,976847.52,2291767.07,4646609.63,1134628.91,300033
1790804002,0,36900548,0,71938.14,300080.03,760418.97,1040075.03,1417694.13,2344249.72,4206523.83,161408,41254911,1211825.30,925034.03,36900548,1000,1000,1000,0,0,0,0,0,0,994806.55,2233850.96,4525719.34,1151972.74,300079
1790804003,0,37200474,0,72381.75,299936.58,760065.40,1039455.19,1416782.18,2343500.19,4202686.51,161408,41254911,1211034.50,923221.76,37200474,1000,1000,1000,0,0,0,0,0,0,970712.45,2227310.24,3908905.95,1113740.22,299926
1790804004,0,37500577,0,72823.97,300087.89,759931.71,1039110.90,1416319.77,2343884.47,4204985.52,161408,41254911,1210749.59,922145.77,37500577,1000,1000,1000,0,0,0,0,0,0,1005235.27,2360291.95,4286096.58,1175432.78,300103
1790804005,0,37800588,0,73264.28,300024.60,759557.42,1038469.74,1415242.80,2342500.30,4198934.27,161408,41254911,1209863.13,920672.29,37800588,1000,1000,1000,0,0,0,0,0,0,959113.88,2152592.02,3560852.41,1099057.81,300011
1790804006,0,38100575,0,73702.87,299970.01,759413.66,1037916.00,1414206.89,2341408.51,4200364.39,161408,41254911,1209261.70,919561.71,38100575,1000,1000,1000,0,0,0,0,0,0,983401.57,2125226.08,4529892.34,1133477.03,299987
1790804007,0,38400525,0,74139.69,299960.56,759357.14,1037710.73,1413612.07,2341088.09,4199000.08,161408,41254911,1208943.63,918361.02,38400525,1000,1000,1000,0,0,0,0,0,0,1010640.40,2330368.59,4383735.69,1168541.33,299950
1790804008,0,38700519,0,74574.91,299996.89,759315.93,1037259.60,1412914.99,2341700.43,4212896.72,161408,41254911,1208829.32,918387.85,38700519,1000,1000,1000,0,0,0,0,0,0,1001561.84,2405210.29,5356208.19,1194197.59,299994
1790804009,0,39000581,0,75008.59,300065.06,759192.93,1036927.02,1412055.18,2341352.22,4217395.91,161408,41254911,1208725.82,920802.50,39000581,1000,1000,1000,0,0,0,0,0,0,1002570.27,2326424.94,5676976.94,1195375.91,300062
1790804010,0,39300566,0,75440.46,299980.79,759227.95,1036716.09,1411726.33,2341585.58,4230874.18,161408,41254911,1209479.81,931796.94,39300566,1000,1000,1000,0,0,0,0,0,0,1027737.55,2357090.65,9582614.35,1307505.59,299985
1790804011,0,39600596,0,75870.74,300031.66,758757.20,1035937.98,1410548.44,2340067.77,4228542.74,161408,41254911,1208591.91,930599.94,39600596,1000,1000,1000,0,0,0,0,0,0,947420.29,2174154.67,4062665.69,1092286.37,300030
1790804012,0,39900487,0,76299.10,299902.75,758454.83,1035333.57,1409523.80,2339654.54,4231677.89,161408,41254911,1208058.27,929921.24,39900487,1000,1000,1000,0,0,0,0,0,0,970157.05,2277497.58,4791774.85,1137591.34,299891
1790804013,0,40200498,0,76726.07,300002.09,758162.17,1034784.46,1408764.25,2338862.93,4225485.57,161408,41254911,1207352.81,928186.73,40200498,1000,1000,1000,0,0,0,0,0,0,974226.26,2261358.45,3545921.94,1113529.23,300011
1790804014,0,40500593,0,77151.59,300089.67,757998.16,1034476.86,1408436.30,2339412.62,4229818.04,161408,41254911,1207109.25,927247.37,40500593,1000,1000,1000,0,0,0,0,0,0,997727.91,2372970.56,4761013.39,1174482.84,300095
1790804015,0,40800377,0,77574.88,299797.36,757803.42,1034179.58,1408220.85,2341665.10,4255980.98,161408,41254911,1207782.23,930700.73,40800377,1000,1000,1000,0,0,0,0,0,0,999230.05,2933756.95,7876673.62,1298699.94,299784
1790804016,0,41100498,0,77997.23,300109.18,757803.13,1033958.83,1407625.49,2342558.92,4280632.89,161408,41254911,1208443.76,935479.34,41100498,1000,1000,1000,0,0,0,0,0,0,1004768.09,2668287.72,8426891.55,1298376.49,300121
1790804017,0,41400427,0,78417.58,299936.33,757962.19,1034046.26,1407513.09,2343904.41,4282290.75,161408,41254911,1208697.62,935513.81,41400427,1000,1000,1000,0,0,0,0,0,0,1045423.22,2537378.47,5178603.23,1243485.32,299929
1790804018,0,41700485,0,78836.57,300046.79,757996.88,1034034.07,1407622.88,2348314.85,4329788.15,161408,41254911,1210260.77,941620.40,41700485,1000,1000,1000,0,0,0,0,0,0,1044414.99,3795196.43,8659684.65,1425935.92,300058
1790804019,0,42000564,0,79254.12,300081.44,757842.96,1033654.60,1406762.17,2346399.71,4323926.41,161408,41254911,1209549.74,940137.58,42000564,1000,1000,1000,0,0,0,0,0,0,991949.62,2038255.09,3664258.08,1110742.32,300079
1790804020,0,42300490,0,79669.67,299919.91,757888.23,1033453.84,1406084.40,2345217.43,4324399.67,161408,41254911,1209334.06,940435.81,42300490,1000,1000,1000,0,0,0,0,0,0,1021873.58,2156777.41,4283773.62,1179131.02,299926
1790804021,0,42600428,0,80083.82,299960.43,757954.68,1033407.43,1405828.61,2343968.60,4319525.38,161408,41254911,1208958.54,938692.56,42600428,1000,1000,1000,0,0,0,0,0,0,1035918.54,2190131.85,3656237.09,1155998.71,299938
1790804022,0,42900507,0,80496.57,300066.85,757790.44,1033181.25,1405438.28,2343541.57,4326032.21,161408,41254911,1208760.78,938461.53,42900507,1000,1000,1000,0,0,0,0,0,0,1000492.36,2349626.81,5021066.29,1180685.55,300079
1790804023,0,43200562,0,80907.80,300062.04,757569.78,1032893.74,1404710.23,2342063.71,4318070.16,161408,41254911,1208104.02,936902.82,43200562,1000,1000,1000,0,0,0,0,0,0,995870.11,2108670.28,3340919.50,1114203.76,300055
1790804024,0,43500534,0,81317.25,299975.94,757503.49,1032586.63,1404156.66,2341036.14,4316704.91,161408,41254911,1207801.38,937033.08,43500534,1000,1000,1000,0,0,0,0,0,0,1001161.08,2172012.87,4308112.23,1164215.97,299972
1790804025,0,43800496,0,81725.22,299953.99,757600.31,1032560.46,1403725.80,2340115.55,4309101.39,161408,41254911,1207418.39,935452.14,43800496,1000,1000,1000,0,0,0,0,0,0,1022261.90,2237476.60,3632288.33,1151876.70,299962
1790804026,0,44100558,0,82131.86,300046.04,757640.57,1032462.04,1403652.25,2340970.21,4308662.50,161408,41254911,1207388.99,934709.17,44100558,1000,1000,1000,0,0,0,0,0,0,1026129.64,2513411.99,4356578.01,1203098.67,300062
1790804027,0,44400453,0,82536.68,299927.90,757410.50,1032109.11,1402986.51,2340527.52,4298626.32,161408,41254911,1206752.58,932907.80,44400453,1000,1000,1000,0,0,0,0,0,0,982279.53,2247835.83,3339201.41,1113166.25,299895
1790804028,0,44700528,0,82940.30,300041.45,757528.30,1032237.08,1402986.30,2340301.72,4299463.89,161408,41254911,1206753.07,932108.39,44700528,1000,1000,1000,0,0,0,0,0,0,1054456.20,2324601.34,4142111.88,1206825.43,300075
1790804029,0,44967444,0,83281.08,266921.07,757535.67,1032002.63,1402218.67,2339716.37,4309547.55,161408,41254911,1206744.35,933524.38,44967444,1000,1000,1000,0,0,0,0,0,0,1000423.24,2271338.67,6253583.73,1205283.88,266916
1790804030,0,45036522,0,83254.91,69077.37,757652.22,1032116.22,1402535.47,2341312.68,4321912.01,161408,41254911,1207319.99,935252.56,45036522,1000,1000,1000,0,0,0,0,0,0,1150134.10,4989946.58,8580205.85,1582043.32,69078
1790804031,0,45056522,0,83138.15,19998.78,757647.09,1032162.29,1402607.13,2341333.12,4322976.80,161408,41254911,1207389.02,935512.06,45056522,1000,1000,1000,0,0,0,0,0,0,1168475.47,2249333.58,6446988.82,1362826.96,20000
1790804032,0,45076521,0,83021.86,20000.54,757682.94,1032182.77,1402658.32,2341138.54,4321973.27,161408,41254911,1207383.69,935361.24,45076521,1000,1000,1000,0,0,0,0,0,0,1153190.23,1956395.37,2592559.12,1195380.50,19999
1790804033,0,45096523,0,82906.02,20002.06,757708.54,1032228.86,1402699.29,2340984.94,4321051.67,161408,41254911,1207382.41,935221.05,45096523,1000,1000,1000,0,0,0,0,0,0,1148269.40,1998537.73,2847919.52,1204497.25,20002
1790804034,0,45116520,0,82790.55,19995.94,757729.00,1032269.80,1402750.46,2340810.79,4320027.64,161408,41254911,1207358.78,935062.39,45116520,1000,1000,1000,0,0,0,0,0,0,1127507.29,1824882.83,2287196.22,1154059.46,19997
1790804035,0,45136520,0,82675.57,19999.77,757729.00,1032310.75,1402781.18,2340605.96,4319146.99,161408,41254911,1207336.76,934907.19,45136520,1000,1000,1000,0,0,0,0,0,0,1122098.20,1865245.72,2383522.84,1157674.20,20000
1790804036,0,45156516,0,82560.97,19996.76,757739.25,1032351.72,1402791.41,2340431.86,4318163.95,161408,41254911,1207313.08,934752.05,45156516,1000,1000,1000,0,0,0,0,0,0,1114574.76,1885947.26,2297169.60,1153861.43,19996
1790804037,0,45176520,0,82446.76,20004.38,757729.00,1032336.36,1402832.35,2340114.41,4317221.90,161408,41254911,1207276.19,934594.25,45176520,1000,1000,1000,0,0,0,0,0,0,1087808.88,1806970.57,2356396.02,1123983.30,20004
1790804038,0,45196521,0,82333.04,20000.93,757734.13,1032392.68,1402893.80,2340042.73,4316156.95,161408,41254911,1207262.73,934441.12,45196521,1000,1000,1000,0,0,0,0,0,0,1140340.83,1916536.57,2408963.17,1176861.98,20001
1790804039,0,45216521,0,82219.73,19999.39,757785.32,1032402.92,1402914.27,2339858.37,4315481.04,161408,41254911,1207256.93,934301.48,45216521,1000,1000,1000,0,0,0,0,0,0,1143719.96,1982688.28,2610820.12,1194160.84,20000
1790804040,0,45236522,0,82106.74,20001.24,757795.56,1032433.63,1402985.94,2339612.62,4314477.56,161408,41254911,1207243.51,934148.98,45236522,1000,1000,1000,0,0,0,0,0,0,1140955.87,1896731.66,2421600.44,1176894.09,20001
1790804041,0,45256523,0,81994.21,20000.60,757810.93,1032484.84,1403057.64,2339479.50,4313514.98,161408,41254911,1207236.92,933999.88,45256523,1000,1000,1000,0,0,0,0,0,0,1157465.81,1916391.37,2432508.57,1192347.78,20001
1790804042,0,45276520,0,81882.12,19997.62,757836.51,1032530.90,1403057.59,2339356.55,4313924.50,161408,41254911,1207264.25,933992.65,45276520,1000,1000,1000,0,0,0,0,0,0,1148206.71,2199041.89,4436996.89,1269114.10,19997
1790804043,0,45296525,0,81770.41,20003.82,757841.66,1032556.54,1403098.60,2339192.76,4313002.96,161408,41254911,1207246.05,933848.12,45296525,1000,1000,1000,0,0,0,0,0,0,1123938.69,1834906.67,2594430.07,1166044.56,20005
1790804044,0,45316524,0,81659.06,20000.56,757851.90,1032607.73,1403119.07,2338977.69,4312183.74,161408,41254911,1207220.37,933692.53,45316524,1000,1000,1000,0,0,0,0,0,0,1112610.66,1829617.01,2392477.33,1149063.35,19999
1790804045,0,45336524,0,81548.19,19999.42,757857.02,1032638.44,1403149.78,2338752.41,4311118.77,161408,41254911,1207207.52,933541.24,45336524,1000,1000,1000,0,0,0,0,0,0,1142240.28,1864006.68,2500535.32,1178101.30,20000
1790804046,0,45356520,0,81437.67,19995.37,757872.35,1032658.89,1403211.18,2338537.28,4310586.21,161408,41254911,1207191.44,933394.86,45356520,1000,1000,1000,0,0,0,0,0,0,1121506.17,1931380.58,2635341.97,1170713.78,19996
1790804047,0,45376526,0,81327.55,20007,757897.98,1032684.52,1403262.42,2338383.74,4309664.70,161408,41254911,1207171.08,933240.40,45376526,1000,1000,1000,0,0,0,0,0,0,1129935.55,1873434.79,2286710.26,1161011.57,20006
1790804048,0,45396520,0,81217.85,19992.68,757918.43,1032694.72,1403313.56,2338148.13,4308824.92,161408,41254911,1207139.75,933084.45,45396520,1000,1000,1000,0,0,0,0,0,0,1108035.83,1775862.78,2249378.43,1136040.17,19994
1790804049,0,45416520,0,81108.50,20001.27,757944.03,1032725.44,1403344.27,2337912.59,4307657.58,161408,41254911,1207121.76,932937.13,45416520,1000,1000,1000,0,0,0,0,0,0,1125856.28,1910373.40,2526155.80,1166289.06,20000
1790804050,0,45436520,0,80999.56,20000.37,757944.03,1032771.52,1403323.78,2337666.81,4306695.01,161408,41254911,1207107.47,932784.91,45436520,1000,1000,1000,0,0,0,0,0,0,1149659.16,1854913.56,2303384.60,1174662.30,20000
1790804051,0,45456520,0,80891.02,19999.58,757954.26,1032761.28,1403385.23,2337461.99,4306346.86,161408,41254911,1207109.87,932658.81,45456520,1000,1000,1000,0,0,0,0,0,0,1161196.11,2013150.95,2787046.01,1212557.93,20000
1790804052,0,45476522,0,80782.87,20001.37,757985.00,1032786.89,1403456.92,2337298.15,4305507.20,161408,41254911,1207098.07,932508.73,45476522,1000,1000,1000,0,0,0,0,0,0,1148145.71,1879964.04,2309282.11,1180285.31,20002
1790804053,0,45496519,0,80675.06,19998.11,757995.23,1032822.72,1403477.38,2337216.21,4305199.95,161408,41254911,1207102.69,932401.50,45496519,1000,1000,1000,0,0,0,0,0,0,1147038.00,2024800.08,3229221.12,1217613.22,19997
1790804054,0,45516520,0,80567.69,20000.60,757979.86,1032879.04,1403590.01,2337052.33,4304298.80,161408,41254911,1207099.63,932254.18,45516520,1000,1000,1000,0,0,0,0,0,0,1160139.24,1932728.99,2597226.71,1200130.03,20001
1790804055,0,45536520,0,80460.64,19999.84,758000.34,1032935.36,1403620.72,2336908.95,4303643.42,161408,41254911,1207094.39,932106.58,45536520,1000,1000,1000,0,0,0,0,0,0,1156663.32,1965976.60,2544976.92,1195171.98,20000
1790804056,0,45556520,0,80353.99,19999.15,758000.34,1032966.07,1403702.63,2336663.18,4302414.62,161408,41254911,1207086.70,931964.51,45556520,1000,1000,1000,0,0,0,0,0,0,1141543.96,1923193.88,2744892.44,1189582.19,20000
1790804057,0,45576520,0,80247.77,20001.06,758031.06,1033012.15,1403753.83,2336499.31,4301329.21,161408,41254911,1207084.40,931816.79,45576520,1000,1000,1000,0,0,0,0,0,0,1164322.84,1983056.92,2463558.68,1201848.33,20000
1790804058,0,45596521,0,80141.90,20001.16,758056.66,1033042.88,1403784.55,2336345.70,4300284.75,161408,41254911,1207080.87,931668.20,45596521,1000,1000,1000,0,0,0,0,0,0,1161278.38,1973842.89,2455840.57,1199033.25,20001
1790804059,0,45616518,0,80036.29,19996.43,758092.52,1033099.21,1403876.73,2336151.18,4299588.45,161408,41254911,1207073.63,931524.71,45616518,1000,1000,1000,0,0,0,0,0,0,1151639.93,1916671.68,2625244.55,1190553.19,19997
1790804060,0,45636514,0,79931.20,19996,758123.24,1033135.05,1403958.63,2336069.19,4298564.37,161408,41254911,1207084.66,931397.65,45636514,1000,1000,1000,0,0,0,0,0,0,1173423.47,2100849.25,2911402.66,1232259.28,19996
1790804061,0,45656523,0,79826.37,20008.15,758123.24,1033165.77,1403999.59,2335966.80,4297806.60,161408,41254911,1207082.10,931259.98,45656523,1000,1000,1000,0,0,0,0,0,0,1152099.36,1959294.26,2726228.86,1201251.08,20009
1790804062,0,45676520,0,79722.03,19998.35,758128.34,1033211.82,1404020.04,2335966.73,4297478.87,161408,41254911,1207097.95,931167.43,45676520,1000,1000,1000,0,0,0,0,0,0,1162201.31,2129914.95,3346576.33,1243284.07,19997
1790804063,0,45696520,0,79617.91,19999.50,758138.58,1033273.26,1404050.75,2335761.91,4296393.43,161408,41254911,1207084.08,931016.18,45696520,1000,1000,1000,0,0,0,0,0,0,1143167,1882725.40,2367149.08,1175398.89,20000
1790804064,0,45716520,0,79514.24,19999.60,758148.82,1033324.46,1404142.91,2335710.68,4296864.41,161408,41254911,1207116.58,930942.80,45716520,1000,1000,1000,0,0,0,0,0,0,1173651.48,2305934.36,3937688.60,1281379.03,20000
1790804065,0,45736521,0,79410.92,20001.02,758169.30,1033309.10,1404224.83,2335679.97,4296147.58,161408,41254911,1207103.58,930803.66,45736521,1000,1000,1000,0,0,0,0,0,0,1128024.72,1906178.51,2809017.92,1177389.32,20001
1790804066,0,45756523,0,79307.95,20002.84,758200.03,1033370.55,1404296.53,2335423.98,4295164.59,161408,41254911,1207089.79,930654.29,45756523,1000,1000,1000,0,0,0,0,0,0,1134447.14,1919572.24,2536538.84,1175558.46,20002
1790804067,0,45776523,0,79205.30,19999.30,758235.87,1033396.14,1404316.99,2335270.36,4294222.49,161408,41254911,1207071.23,930505.51,45776523,1000,1000,1000,0,0,0,0,0,0,1125559.32,1920234.52,2360820.76,1164600.69,20000
1790804068,0,45796523,0,79103.08,20001.33,758246.11,1033421.74,1404347.70,2335137.23,4293546.64,161408,41254911,1207062.57,930360.98,45796523,1000,1000,1000,0,0,0,0,0,0,1148886.04,1922599.96,2586192.92,1187249.50,20000
1790804069,0,45816526,0,79001.17,20002.19,758251.24,1033452.47,1404378.43,2334973.39,4292768.36,161408,41254911,1207044.42,930218.46,45816526,1000,1000,1000,0,0,0,0,0,0,1121786.26,1923481.92,2497984.83,1165486.89,20003
1790804070,0,45836515,0,78899.57,19989.03,758256.34,1033488.29,1404337.44,2334737.83,4291867.23,161408,41254911,1207018.16,930067.99,45836515,1000,1000,1000,0,0,0,0,0,0,1111134.18,1866103.32,2374749.31,1146835.65,19989
1790804071,0,45856520,0,78798.31,20004.62,758271.69,1033513.87,1404398.85,2334543.21,4290925.12,161408,41254911,1207008.45,929928.19,45856520,1000,1000,1000,0,0,0,0,0,0,1137931.48,1938442.01,2715241.09,1184758.50,20005
1790804072,0,45876520,0,78697.53,20000.28,758266.57,1033503.63,1404398.86,2334410.08,4290024.02,161408,41254911,1206990.09,929787.97,45876520,1000,1000,1000,0,0,0,0,0,0,1120050.20,1960416.28,2447256.60,1164887.76,20000
1790804073,0,45896520,0,78596.98,20000.08,758266.57,1033554.83,1404480.77,2334184.75,4289409.60,161408,41254911,1206993.19,929659.31,45896520,1000,1000,1000,0,0,0,0,0,0,1149085.72,2105005.08,3025990.68,1214098.41,20000
1790804074,0,45916520,0,78496.80,20000.05,758287.05,1033585.55,1404542.22,2334051.63,4288590.39,161408,41254911,1206975.83,929507.48,45916520,1000,1000,1000,0,0,0,0,0,0,1135584.28,1869331.48,2324878.36,1167133.54,20000
1790804075,0,45936521,0,78396.97,20000.29,758307.54,1033595.80,1404593.42,2333887.77,4288795.23,161408,41254911,1206986.04,929474.36,45936521,1000,1000,1000,0,0,0,0,0,0,1127904.67,2001485.51,4041798.11,1230441.97,20001
1790804076,0,45956523,0,78297.50,20003.21,758338.27,1033631.65,1404654.86,2333795.63,4287689.29,161408,41254911,1206979.97,929329.50,45956523,1000,1000,1000,0,0,0,0,0,0,1157114.70,1947726.04,2454586.80,1193032.49,20002
1790804077,0,45976522,0,78198.35,19998.97,758363.86,1033677.72,1404613.88,2333693.20,4286808.62,161408,41254911,1206963.26,929180.54,45976522,1000,1000,1000,0,0,0,0,0,0,1131629.70,1886459.99,2433773.22,1168557.05,19999
1790804078,0,45996525,0,78099.50,20002.56,758384.36,1033713.58,1404665.10,2333529.39,4285825.61,161408,41254911,1206953.40,929034.55,45996525,1000,1000,1000,0,0,0,0,0,0,1145187.50,1959654.88,2482712.21,1184302.97,20003
1790804079,0,46016515,0,78001.03,19988.58,758409.91,1033744.24,1404767.42,2333396.14,4285354.52,161408,41254911,1206956.54,928903.05,46016515,1000,1000,1000,0,0,0,0,0,0,1165828.89,2036456.59,2717793.87,1214176.32,19990
1790804080,0,46036522,0,77902.82,20007.80,758420.17,1033764.75,1404849.37,2333273.28,4284207.62,161408,41254911,1206959.56,928768.92,46036522,1000,1000,1000,0,0,0,0,0,0,1160091.91,2049624.03,2617132.33,1213912.37,20007
1790804081,0,46056518,0,77805.07,19996.06,758450.89,1033831.31,1404859.61,2333109.39,4283306.48,161408,41254911,1206948.44,928625.48,46056518,1000,1000,1000,0,0,0,0,0,0,1145665.73,1918518.51,2420677.34,1181339.37,19996
1790804082,0,46076518,0,77707.55,20000.32,758461.13,1033872.27,1404982.49,2332945.54,4282487.29,161408,41254911,1206949.23,928492.05,46076518,1000,1000,1000,0,0,0,0,0,0,1154742.65,2011435.95,2788067.56,1208758.89,20000
1790804083,0,46096518,0,77610.43,19999.90,758461.11,1033902.96,1405064.37,2332853.34,4281565.63,161408,41254911,1206942.26,928346.63,46096518,1000,1000,1000,0,0,0,0,0,0,1148811.49,1964288.95,2530051.81,1190892.86,20000
1790804084,0,46116523,0,77513.63,20004.62,758471.38,1033954.19,1405064.42,2332669.07,4280869.38,161408,41254911,1206929.01,928199.37,46116523,1000,1000,1000,0,0,0,0,0,0,1143929.03,1905126.40,2382019.05,1176409.75,20005
1790804085,0,46136528,0,77417.06,20004.48,758486.75,1033964.44,1405064.41,2332382.39,4279804.47,161408,41254911,1206910.46,928050.79,46136528,1000,1000,1000,0,0,0,0,0,0,1128655.02,1884259.53,2332544.87,1164145.46,20005
1790804086,0,46156522,0,77320.83,19994.90,758512.33,1033990.02,1405166.78,2332269.67,4279456.25,161408,41254911,1206919.35,927935.74,46156522,1000,1000,1000,0,0,0,0,0,0,1159819.33,2102381.01,3175296.50,1227427.38,19994
1790804087,0,46176522,0,77225,20000.36,758543.05,1034020.75,1405166.78,2332075.09,4278309.34,161408,41254911,1206903.28,927790.20,46176522,1000,1000,1000,0,0,0,0,0,0,1135000.60,1903307.80,2345358.36,1169807.94,20000
1790804088,0,46196525,0,77129.48,20002.64,758548.19,1034046.37,1405187.28,2331880.55,4277346.85,161408,41254911,1206884.60,927640.35,46196525,1000,1000,1000,0,0,0,0,0,0,1130427.94,1845687.82,2480984.47,1163760.76,20003
1790804089,0,46274141,0,77130.22,77623.45,758728.12,1034309.91,1405757.89,2334958.40,4297123.58,161408,41254911,1207913.07,930272.68,46274141,1000,1000,1000,0,0,0,0,0,0,1250728.48,5983979.16,9342468.20,1820054.49,77616
1790804090,0,46693875,0,77700.29,419743.35,759773.31,1035855.20,1408391.54,2348543.22,4409270.87,161408,41254911,1212783.29,942966.10,46693875,1000,1000,1000,0,0,0,0,0,0,1235648.82,5317202.10,9147722.68,1749707.55,419734
1790804091,0,47193847,0,78401.75,499984.57,760765.97,1037143.59,1409954.03,2350295.49,4408663.33,161408,41254911,1214100.20,943204.25,47193847,1000,1000,1000,0,0,0,0,0,0,1171153.21,2462400.15,4514952.82,1337089.63,499972
1790804092,0,47693897,0,79101.06,500020.43,761630.83,1038135.65,1410597.52,2350960.79,4398260.44,161408,41254911,1214572.47,940936.50,47693902,1000,1000,1000,0,0,0,0,0,0,1124529.54,2434293.03,3835653.11,1259144.32,500055
1790804093,0,48193814,0,79797.85,499964.59,762407.70,1038978.12,1411760.88,2354882.62,4408264.14,161408,41254911,1215819.34,941009.90,48193814,1000,1000,1000,0,0,0,0,0,0,1133338.68,2700042.41,5011747.46,1334777.00,499912
1790804094,0,48693656,0,80492.21,499824.67,763287.60,1040102.93,1412904.25,2356390.65,4398270.20,161408,41254911,1216607.29,939320.11,48693656,1000,1000,1000,0,0,0,0,0,0,1153691.93,2432563.34,4000755.68,1292579.60,499842
1790804095,0,49193762,0,81184.71,500091.94,764428.80,1041478.73,1414385.83,2359745.53,4405191.02,161408,41254911,1218032.90,938698.01,49193762,1000,1000,1000,0,0,0,0,0,0,1176914.46,2587017.82,5175843.98,1356839.22,500106
1790804096,0,49693775,0,81874.76,500019.53,765313.34,1042546.66,1415469.66,2360507.23,4405077.20,161408,41254911,1218913.50,938079.34,49693775,1000,1000,1000,0,0,0,0,0,0,1145659.01,2416080.77,4719283.19,1305551.95,500013
1790804097,0,50193722,0,82562.44,499944.32,766009.07,1043282.88,1416357.83,2363064.55,4406254.97,161408,41254911,1219777.35,937713.78,50193722,1000,1000,1000,0,0,0,0,0,0,1117659.17,2555371.12,4741178.66,1305642.03,499947
1790804098,0,50693761,0,83248,500016.53,766868.66,1044525.34,1418054.33,2368139.22,4411890.29,161408,41254911,1221198.10,937116.87,50693761,1000,1000,1000,0,0,0,0,0,0,1178634.62,2769390.13,4808218.31,1363812.86,500039
1790804099,0,51193764,0,83931.28,500055.01,767522.88,1045199.39,1418768.20,2370210.32,4406067.15,161408,41254911,1221736.67,935350.58,51193764,1000,1000,1000,0,0,0,0,0,0,1121792.14,2477463.25,4191138.03,1276340.46,500003
1790804100,0,51693827,0,84612.42,500059.28,768064.56,1045673.72,1419093.17,2373205.91,4423216.91,161408,41254911,1222575.53,935549.49,51693827,1000,1000,1000,0,0,0,0,0,0,1094366.95,2679635.77,5699918.45,1308453.06,500063
1790804101,0,52193696,0,85290.98,499857.39,768642.60,1046164.55,1419471.36,2374061.52,4421869.29,161408,41254911,1222887.57,933841.05,52193696,1000,1000,1000,0,0,0,0,0,0,1098631.07,2444858.54,4345366.05,1255157.46,499869
1790804102,0,52693724,0,85967.58,500039.39,769179.15,1046735.97,1420297.25,2378932.67,4440565.46,161408,41254911,1224074.29,934340.89,52693724,1000,1000,1000,0,0,0,0,0,0,1116161.69,2873230.02,5466497.67,1347945.42,500028
1790804103,0,53193752,0,86642.06,500010.21,769809.12,1047478.73,1421096.62,2379345.66,4432686.23,161408,41254911,1224457.17,932377.20,53193752,1000,1000,1000,0,0,0,0,0,0,1129348.69,2399803.39,3969910.61,1264805.76,500028
1790804104,0,53693762,0,87314.22,500005.71,770551.26,1048455.47,1422261.28,2382723.94,4444146.32,161408,41254911,1225734.89,932708.42,53693762,1000,1000,1000,0,0,0,0,0,0,1156292.19,2739262.41,5442753.04,1361666.22,500010
1790804105,0,54193732,0,87984.17,499971.72,771144.21,1049267.99,1423272.98,2384079.78,4437561.80,161408,41254911,1226315.00,931052.61,54193732,1000,1000,1000,0,0,0,0,0,0,1139628.83,2467481.87,4035744.59,1288614.73,499970
1790804106,0,54693726,0,88652,500035.50,771778.95,1049984.02,1423977.87,2384616.01,4432421.73,161408,41254911,1226868.37,930771.22,54693726,1000,1000,1000,0,0,0,0,0,0,1134047.19,2404737.08,4283658.78,1286847.45,499994
1790804107,0,55193671,0,89317.61,499907.96,772766.59,1051170.80,1425286.48,2385220.31,4425195.99,161408,41254911,1227735.52,929831.20,55193671,1000,1000,1000,0,0,0,0,0,0,1182940.90,2472531.47,4169175.10,1322601.84,499945
1790804108,0,55693765,0,89981.21,500092.80,773605.74,1052193.52,1426032.73,2386866.48,4440317.09,161408,41254911,1229011.64,931837.80,55693765,1000,1000,1000,0,0,0,0,0,0,1157146.89,2576125.42,6884566.51,1369852.74,500094
1790804109,0,56193699,0,90642.49,499937.38,774121.37,1052611.54,1426245.16,2387803.03,4438457.26,161408,41254911,1229355.18,931215.62,56193699,1000,1000,1000,0,0,0,0,0,0,1098875.45,2470782.40,4547001.22,1267626.17,499934
1790804110,0,56693789,0,91301.91,500071.40,774592.16,1052999.65,1426427.24,2388141.68,4440206.23,161408,41254911,1229712.12,930559.14,56693789,1000,1000,1000,0,0,0,0,0,0,1098268.67,2436973.98,4736798.10,1269820.67,500090
1790804111,0,57193689,0,91958.90,499898.23,775359.81,1053823.18,1427266.13,2391165.79,4448832.38,131328,47022079,1230945.62,933465.68,57193689,1000,1000,1000,0,0,0,0,0,0,1149128.06,2779455.56,5784591.00,1370836.64,499900
1790804112,0,57693780,0,92614.05,500072.99,775943.13,1054574.93,1428257.54,2395151.89,4485389.98,131328,47579135,1233693.94,952747.84,57693780,1000,1000,1000,0,0,0,0,0,0,1142141.30,3152014.89,12133628.00,1548010.29,500091
1790804113,0,58193777,0,93267,500026.06,776490.25,1055167.55,1428716.59,2395849.37,4484279.16,131328,47579135,1234219.00,952502.92,58193777,1000,1000,1000,0,0,0,0,0,0,1124961.56,2505668.10,4545316.59,1294804.79,499997
1790804114,0,58693763,0,93917.78,500003.47,776838.02,1055376.92,1428490.94,2395191.08,4473147.81,131328,47579135,1233990.67,950322.45,58693763,1000,1000,1000,0,0,0,0,0,0,1082247.26,2300615.86,3631914.20,1207415.21,499986
1790804115,0,59193682,0,94566.37,499919.99,777441.69,1056148.91,1429472.06,2396372.30,4466784.26,131328,47579135,1234511.57,948588.68,59193682,1000,1000,1000,0,0,0,0,0,0,1147281.28,2504044.92,3947149.72,1295668.22,499919
1790804116,0,59693712,0,95213.08,500006.67,777927.71,1056670.58,1429911.46,2396767.68,4455985.14,131328,47579135,1234650.10,946466.02,59693712,1000,1000,1000,0,0,0,0,0,0,1116512.84,2396138.39,3535312.77,1251048.89,500030
1790804117,0,60193855,0,95857.93,500137.04,778377.30,1057109.07,1430236.52,2397117.35,4453490.62,131328,47579135,1234839.50,944794.76,60193855,1000,1000,1000,0,0,0,0,0,0,1112879.34,2420111.73,4076732.76,1257445.21,500143
1790804118,0,60693817,0,96500.46,499995.80,778734.78,1057379.32,1430297.15,2397334.70,4445021.80,131328,47579135,1234877.70,943196.01,60693817,1000,1000,1000,0,0,0,0,0,0,1097188.49,2418266.88,4137234.29,1239477.16,499962
1790804119,0,61193768,0,97140.91,499925.18,779072.64,1057716.73,1430490.37,2398546.25,4456032.49,131328,47579135,1235466.44,943983.08,61193768,1000,1000,1000,0,0,0,0,0,0,1095107.64,2617204.22,6116928.88,1306938.70,499951
1790804120,0,61693567,0,97779.10,499822.90,779610.54,1058366.99,1431196.61,2401332.93,4462584.09,131328,47579135,1236190.26,943126.66,61693567,1000,1000,1000,0,0,0,0,0,0,1137714.25,2838422.26,4629436.14,1324813.25,499799
1790804121,0,62193650,0,98415.70,500092.85,780377.84,1059251.44,1432147.18,2403627.80,4479502.07,131328,47579135,1237391.13,943949.67,62193650,1000,1000,1000,0,0,0,0,0,0,1169858.44,2833384.58,5811083.19,1385538.25,500083
1790804122,0,62693629,0,99050.16,499954.33,780955.77,1060043.94,1433036.32,2405527.58,4471809.29,131328,47579135,1237906.58,942359.52,62693629,1000,1000,1000,0,0,0,0,0,0,1159401.22,2511990.27,3776214.81,1302024.19,499979
1790804123,0,63193852,0,99682.97,500217.08,781482.76,1060616.59,1433690.17,2406291.90,4473475.28,131328,47579135,1238408.48,941485.08,63193852,1000,1000,1000,0,0,0,0,0,0,1132402.42,2531086.43,4417827.59,1301312.93,500223
1790804124,0,63693730,0,100313.24,499904.82,782112.48,1061420.28,1434590.61,2407663.16,4468089.62,131328,47579135,1239067.62,940614.25,63693730,1000,1000,1000,0,0,0,0,0,0,1161416.01,2539642.38,3946538.53,1322394.57,499878
1790804125,0,64193677,0,100941.64,499966.21,782726.60,1062023.61,1435090.92,2407197.25,4463200.55,131328,47579135,1239324.69,938981.96,64193677,1000,1000,1000,0,0,0,0,0,0,1144969.49,2372295.00,3792336.91,1272076.48,499947
1790804126,0,64693485,0,101567.86,499769.76,782982.98,1062285.12,1435204.12,2408333.34,4477041.48,131328,47579135,1239900.52,939997.69,64693485,1000,1000,1000,0,0,0,0,0,0,1098713.14,2550238.61,6440345.34,1313858.19,499808
1790804127,0,65193829,0,102193.03,500335.57,783330.17,1062509.26,1435428.04,2408208.38,4467662.03,131328,47579135,1239945.39,938685.09,65193829,1000,1000,1000,0,0,0,0,0,0,1093861.83,2423968.47,3674202.17,1245746.50,500344
1790804128,0,65693731,0,102815.40,499914.53,783785.61,1062995.18,1435939.26,2410589.94,4479049.05,131328,47579135,1240937.88,941231.48,65693731,1000,1000,1000,0,0,0,0,0,0,1123416.54,2725841.17,6025228.68,1370372.20,499902
1790804129,0,66193935,0,103436.35,500166.35,784297.20,1063578.21,1436624.65,2412013.22,4484876.27,131328,47579135,1241687.53,941584.68,66193935,1000,1000,1000,0,0,0,0,0,0,1140807.55,2553758.14,5387517.80,1340140.88,500204
1790804130,0,66693800,0,104054.90,499884.06,784736.98,1064002.49,1437053.75,2416382.02,4522771.86,131328,47579135,1243544.44,950319.34,66693800,1000,1000,1000,0,0,0,0,0,0,1112994.63,3393083.02,9009355.83,1489443.48,499865
1790804131,0,67193766,0,104671.60,499989.48,785131.19,1064283.97,1437114.86,2417361.12,4523668.50,131328,47579135,1243884.47,950159.56,67193766,1000,1000,1000,0,0,0,0,0,0,1105108.44,2535073.86,4970876.56,1289243.80,499966
1790804132,0,67693742,0,105286.39,499964.28,785576.62,1064724.26,1437585.57,2419477.86,4532291.71,131328,47579135,1244545.74,950193.15,67693742,1000,1000,1000,0,0,0,0,0,0,1120495.14,2739123.84,5492961.79,1333416.65,499976
1790804133,0,68193728,0,105899.37,499986.97,786149.72,1065409.95,1438250.70,2421554.56,4540008.69,131328,47579135,1245597.79,953664.34,68193728,1000,1000,1000,0,0,0,0,0,0,1153907.32,2664250.23,6885430.68,1388035.57,499986
1790804134,0,68693574,0,106510.23,499849.83,786717.56,1065931.39,1438679.33,2423533.93,4558857.20,131328,47579135,1247076.96,963134.97,68693574,1000,1000,1000,0,0,0,0,0,0,1132653.67,2788322.68,9828029.12,1448879.43,499846
1790804135,0,69193662,0,107119.44,500097.20,787352.33,1066842.65,1439651.97,2425462.97,4568561.65,131328,47579135,1248005.75,962921.88,69193662,1000,1000,1000,0,0,0,0,0,0,1184350.50,2688570.79,5560851.82,1375587.21,500088
1790804136,0,69693627,0,107726.78,499957.67,787899.97,1067620.29,1440920.33,2429523.90,4576548.86,131328,47579135,1249122.96,962813.31,69693627,1000,1000,1000,0,0,0,0,0,0,1185418.81,3020941.44,4793036.64,1403740.92,499965
1790804137,0,70193476,0,108331.86,499831.21,788534.71,1068562.24,1442384.79,2435518.50,4603479.57,131328,47579135,1250931.92,965038.72,70193476,1000,1000,1000,0,0,0,0,0,0,1211810.61,3420262.93,7093913.82,1503154.83,499849
1790804138,0,70693554,0,108935.57,500098.73,789082.39,1069145.46,1443172.02,2438021.92,4614967.36,131328,47579135,1251831.78,965372.87,70693554,1000,1000,1000,0,0,0,0,0,0,1153461.90,2841310.83,5798251.63,1378140.43,500078
1790804139,0,71193753,0,109537.49,500169.80,789635.08,1069789.84,1443846.97,2439546.68,4620760.74,131328,47579135,1252656.35,966577.38,71193753,1000,1000,1000,0,0,0,0,0,0,1160939.72,2690033.11,5146045.59,1369193.68,500199
1790804140,0,71693820,0,110137.52,500103.57,790192.18,1070505.19,1444868.47,2442295.52,4624175.88,131328,47579135,1253482.62,965763.60,71693820,1000,1000,1000,0,0,0,0,0,0,1186540.45,2850556.62,4826820.24,1371116.64,500067
1790804141,0,72193840,0,110735.50,500001.69,790448.33,1070740.67,1445052.31,2443427.96,4633017.70,131328,47579135,1253857.29,965484.64,72193840,1000,1000,1000,0,0,0,0,0,0,1103012.92,2663014.56,5308412.14,1307578.59,500020
1790804142,0,72693788,0,111331.60,499917.52,790969.98,1071348.95,1445665.12,2443107.44,4625300.46,131328,47579135,1254100.85,963949.33,72693788,1000,1000,1000,0,0,0,0,0,0,1157968.59,2411172.09,3935458.99,1289271.77,499948
1790804143,0,73193646,0,111925.74,499902.34,791297.60,1071594.55,1445766.91,2442622.74,4621159.01,131328,47579135,1254097.68,962416.68,73193646,1000,1000,1000,0,0,0,0,0,0,1110327.72,2392970.65,4040517.50,1253636.45,499858
1790804144,0,73693659,0,112518.27,500010.71,791610.11,1071891.73,1445849.58,2441497.13,4614700.57,131328,47579135,1254012.07,960795.02,73693659,1000,1000,1000,0,0,0,0,0,0,1114510.93,2264305.64,3839820.43,1241480.83,500013
1790804145,0,74193697,0,113109.05,500030.71,792040.12,1072393.23,1446401.66,2443314.60,4616774.46,131328,47579135,1254630.15,960933.46,74193697,1000,1000,1000,0,0,0,0,0,0,1146561.28,2688238.01,4908576.05,1345720.08,500038
1790804146,0,74693809,0,113698.13,500089.71,792479.69,1072791.29,1446665.98,2442513.17,4605947.81,131328,47579135,1254657.89,959171.97,74693809,1000,1000,1000,0,0,0,0,0,0,1141701.68,2338313.99,3436748.56,1258772.61,500112
1790804147,0,75193781,0,114285.25,499984.97,792833.30,1073078.61,1446819.86,2441362.46,4600327.31,131328,47579135,1254625.49,957834.52,75193781,1000,1000,1000,0,0,0,0,0,0,1121664.87,2279648.28,3935609.97,1249786.41,499972
1790804148,0,75693763,0,114870.57,499995.65,793232.50,1073544.30,1447372.62,2442499.99,4595838.89,131328,47579135,1255033.03,957497.91,75693763,1000,1000,1000,0,0,0,0,0,0,1143158.77,2574158.71,4760715.72,1316323.52,499982
1790804149,0,76136865,0,115368.05,443079.52,793565.49,1073859.04,1447728.73,2443676.76,4603470.91,131328,47579135,1255836.70,960855.45,76136865,1000,1000,1000,0,0,0,0,0,0,1135885.82,2618929.44,6237303.80,1393124.49,443102
1790804150,0,76240477,0,115350.24,103606.42,793654.99,1074005.92,1447946.10,2444387.58,4604970.89,131328,47579135,1256019.13,960799.53,76240477,1000,1000,1000,0,0,0,0,0,0,1186137.09,3030811.16,4670564.04,1390073.35,103612
1790804151,0,76260484,0,115206.23,20008.50,793660.10,1074026.39,1447976.81,2444254.45,4604295.07,131328,47579135,1256015.54,960714.15,76260484,1000,1000,1000,0,0,0,0,0,0,1198458.72,2059409.38,2598848.46,1242349.49,20007
1790804152,0,76280488,0,115062.63,20002.58,793644.76,1074031.53,1448007.56,2444141.84,4603742.14,131328,47579135,1255995.75,960618.21,76280488,1000,1000,1000,0,0,0,0,0,0,1147790.33,1907651.62,2352695.72,1180537.79,20004
1790804153,0,76300478,0,114919.45,19990.60,793654.99,1074052.00,1448007.54,2444008.69,4603004.84,131328,47579135,1255985.12,960535.32,76300478,1000,1000,1000,0,0,0,0,0,0,1152979.41,2097647.89,3083387.68,1215420.60,19990
1790804154,0,76320483,0,114776.69,20004.66,793670.35,1074082.72,1448079.22,2443957.49,4603332.51,131328,47579135,1255991.26,960502.19,76320483,1000,1000,1000,0,0,0,0,0,0,1168425.02,2297664.02,4124709.19,1279423.44,20005
1790804155,0,76340485,0,114634.36,20003.15,793680.59,1074072.47,1448099.69,2443855.07,4602718.13,131328,47579135,1255982.21,960414.41,76340485,1000,1000,1000,0,0,0,0,0,0,1176167.03,2017546.70,2675878.71,1221454.37,20002
1790804156,0,76360483,0,114492.46,19996.47,793680.59,1074087.83,1448089.46,2443670.76,4602226.60,131328,47579135,1255961.93,960321.82,76360483,1000,1000,1000,0,0,0,0,0,0,1137231.55,1909884.09,2590842.30,1178542.20,19998
1790804157,0,76380483,0,114351.04,19999.53,793675.46,1074113.43,1448099.69,2443558.10,4601796.51,131328,47579135,1255951.07,960234.61,76380483,1000,1000,1000,0,0,0,0,0,0,1164320.79,2015841.61,2672264.42,1214506.07,20000
1790804158,0,76400478,0,114209.96,19995.67,793670.35,1074113.44,1448068.98,2443373.77,4601202.56,131328,47579135,1255926.51,960136.81,76400478,1000,1000,1000,0,0,0,0,0,0,1137523.85,1819606.80,2191214.58,1162074.40,19995
1790804159,0,76420477,0,114069.36,19999.08,793675.47,1074144.16,1448099.70,2443291.84,4600711.05,131328,47579135,1255915.67,960048.81,76420477,1000,1000,1000,0,0,0,0,0,0,1167932.11,2050411.97,2693097.44,1214510.81,19999
1790804160,0,76440479,0,113929.15,20002.19,793670.35,1074190.24,1448109.94,2443158.74,4599973.77,131328,47579135,1255901.80,959955.07,76440479,1000,1000,1000,0,0,0,0,0,0,1170809.28,1939874.85,2361616.07,1202933.56,20002
1790804161,0,76460477,0,113789.33,19997.08,793675.46,1074195.35,1448140.63,2442994.89,4599482.26,131328,47579135,1255888.46,959860.81,76460477,1000,1000,1000,0,0,0,0,0,0,1177155.92,1920052.56,2329917.55,1204867.28,19998
1790804162,0,76480482,0,113649.93,20004.75,793680.59,1074205.59,1448161.13,2442831.06,4598765.46,131328,47579135,1255871.72,959767.24,76480482,1000,1000,1000,0,0,0,0,0,0,1155602.84,1908673.06,2390443.54,1191897.50,20005
1790804163,0,76500475,0,113511,19993.90,793701.06,1074215.82,1448181.59,2442677.43,4598376.35,131328,47579135,1255850.71,959672.76,76500475,1000,1000,1000,0,0,0,0,0,0,1144389.66,1883794.48,2212154.60,1175491.73,19993
1790804164,0,76520481,0,113372.48,20005.48,793701.06,1074241.43,1448171.36,2442595.50,4597884.82,131328,47579135,1255838.28,959588.56,76520481,1000,1000,1000,0,0,0,0,0,0,1154931.73,2030725.10,2843218.69,1208303.75,20006
1790804165,0,76540481,0,113234.35,20002.03,793660.11,1074205.59,1448140.65,2442544.31,4597270.44,131328,47579135,1255803.11,959500.79,76540481,1000,1000,1000,0,0,0,0,0,0,1067935.46,1961036.11,2558377.80,1121236.45,20000
1790804166,0,76560480,0,113096.61,19997.98,793654.98,1074190.22,1448150.87,2442431.65,4596901.79,131328,47579135,1255775.53,959421.80,76560480,1000,1000,1000,0,0,0,0,0,0,1074598.85,1974498.80,2993826.87,1150239.05,19999
1790804167,0,76580485,0,112959.26,20004.88,793649.87,1074210.72,1448161.12,2442267.81,4596205.49,131328,47579135,1255748.73,959326.84,76580485,1000,1000,1000,0,0,0,0,0,0,1116997.50,1843355.22,2366939.81,1153182.39,20005
1790804168,0,76600480,0,112822.38,19995.09,793660.10,1074231.19,1448130.39,2442124.45,4595632.03,131328,47579135,1255724.28,959233.38,76600480,1000,1000,1000,0,0,0,0,0,0,1126942.32,1876711.17,2407698.37,1162074.79,19995
1790804169,0,76620481,0,112685.89,20001.39,793680.59,1074236.31,1448181.60,2441960.62,4594812.83,131328,47579135,1255701.74,959139.30,76620481,1000,1000,1000,0,0,0,0,0,0,1129905.82,1923480.17,2402072.92,1169362.66,20001
1790804170,0,76640481,0,112549.74,19998.86,793675.46,1074246.54,1448212.31,2441868.45,4594218.92,131328,47579135,1255684.57,959055.94,76640481,1000,1000,1000,0,0,0,0,0,0,1129945.42,2069445.25,2796202.52,1189908.19,20000
1790804171,0,76660482,0,112414.03,20001.58,793690.82,1074236.30,1448222.54,2441776.27,4593686.44,131328,47579135,1255666.97,958970.88,76660482,1000,1000,1000,0,0,0,0,0,0,1132257.27,1964893.37,2880151.54,1188246.20,20001
1790804172,0,76680487,0,112278.73,20005.47,793695.95,1074261.90,1448171.35,2441653.39,4593092.52,131328,47579135,1255647.23,958877.58,76680487,1000,1000,1000,0,0,0,0,0,0,1142434.62,1922621.22,2470914.94,1180005.18,20005
1790804173,0,76700483,0,112143.77,19995.18,793701.08,1074261.91,1448140.64,2441356.43,4592580.53,131328,47579135,1255615.46,958781.21,76700483,1000,1000,1000,0,0,0,0,0,0,1110749.66,1756816.49,2122047.73,1133766.48,19996
1790804174,0,76720474,0,112009.27,19990.85,793701.07,1074272.16,1448150.88,2441182.33,4591884.18,131328,47579135,1255595.01,958690.44,76720474,1000,1000,1000,0,0,0,0,0,0,1134109.04,1961759.87,2446300.27,1177151.29,19991
1790804175,0,76740474,0,111875.13,20000.68,793695.96,1074292.64,1448161.13,2441039.01,4591699.86,131328,47579135,1255583.06,958618.44,76740474,1000,1000,1000,0,0,0,0,0,0,1135396.22,2061605.20,3254339.61,1209734.11,20000
1790804176,0,76760475,0,111741.43,20001.23,793690.83,1074282.39,1448202.07,2440936.58,4591187.89,131328,47579135,1255566.10,958541.29,76760475,1000,1000,1000,0,0,0,0,0,0,1129759.19,1962817.47,3015253.55,1190468.31,20001
1790804177,0,76780472,0,111608.02,19997.63,793680.59,1074287.51,1448222.54,2440895.60,4591208.35,131328,47579135,1255554.39,958471.90,76780472,1000,1000,1000,0,0,0,0,0,0,1135726.89,2060802.81,3193141.42,1210629.20,19997
1790804178,0,76800480,0,111475.09,20007.55,793670.35,1074287.51,1448263.50,2440813.68,4590593.97,131328,47579135,1255536.85,958381.33,76800480,1000,1000,1000,0,0,0,0,0,0,1141475.11,1991270.74,2531607.98,1188230.08,20008
1790804179,0,76820480,0,111342.47,19999.45,793649.87,1074277.27,1448263.50,2440660.08,4590020.54,131328,47579135,1255521.65,958291.90,76820480,1000,1000,1000,0,0,0,0,0,0,1152505.73,1990006.45,2619031.99,1197142.23,20000
1790804180,0,76840485,0,111210.29,20004.39,793660.11,1074297.75,1448222.54,2440455.27,4589221.80,131328,47579135,1255496.17,958195.62,76840485,1000,1000,1000,0,0,0,0,0,0,1128902.92,1792319.89,2255961.24,1157658.75,20005
1790804181,0,76860483,0,111078.47,19997.79,793680.58,1074328.46,1448243.02,2440404.07,4588668.87,131328,47579135,1255478.42,958108.23,76860483,1000,1000,1000,0,0,0,0,0,0,1131891.31,2009556.04,2732953.00,1187276.88,19998
1790804182,0,76880485,0,110947.07,20003.84,793695.95,1074333.59,1448212.31,2440342.63,4588115.90,131328,47579135,1255454.18,958018.61,76880485,1000,1000,1000,0,0,0,0,0,0,1117808.40,1875755.46,2631247.73,1162293.79,20002
1790804183,0,76900484,0,110815.94,19997.81,793690.83,1074374.55,1448212.31,2440199.27,4587440.06,131328,47579135,1255428.34,957922.36,76900484,1000,1000,1000,0,0,0,0,0,0,1124975.16,1826041.99,2309401.07,1156119.80,19999
1790804184,0,76920484,0,110685.29,20000.57,793695.95,1074379.67,1448232.78,2440014.94,4586887.12,131328,47579135,1255414.02,957838.22,76920484,1000,1000,1000,0,0,0,0,0,0,1142001.74,2121851.36,2806018.79,1200340.80,20000
1790804185,0,76940481,0,110554.94,19996.48,793706.18,1074400.14,1448222.53,2439984.20,4586497.98,131328,47579135,1255398.31,957757.14,76940481,1000,1000,1000,0,0,0,0,0,0,1130134.91,2038021.80,2943255.77,1194958.48,19997
1790804186,0,76960481,0,110425.08,20000.38,793690.83,1074410.38,1448191.81,2439840.84,4586129.37,131328,47579135,1255377.63,957662.92,76960481,1000,1000,1000,0,0,0,0,0,0,1143637.68,1888326.32,2354042.49,1175842.44,20000
1790804187,0,76980482,0,110295.50,20001.05,793690.83,1074400.15,1448212.29,2439687.24,4585453.53,131328,47579135,1255355.94,957574.94,76980482,1000,1000,1000,0,0,0,0,0,0,1120469.16,1880848.32,2698613.00,1171875.06,20001
1790804188,0,77000486,0,110166.34,20003.69,793675.46,1074359.17,1448191.80,2439574.59,4585023.44,131328,47579135,1255309.92,957498.00,77000486,1000,1000,1000,0,0,0,0,0,0,1003338.81,1849111.21,2669178.98,1078231.17,20004
1790804189,0,77020486,0,110037.53,19999.91,793634.51,1074343.83,1448089.40,2439298.10,4584531.93,131328,47579135,1255240.95,957405.62,77020486,1000,1000,1000,0,0,0,0,0,0,954980.30,1640078.36,2146926.31,989708.54,20000
1790804190,0,77040484,0,109909.03,19997.66,793614.03,1074333.59,1448058.70,2439083.08,4583999.43,131328,47579135,1255179.66,957310.12,77040484,1000,1000,1000,0,0,0,0,0,0,993255.14,1601793.23,1990271.99,1019095.32,19998
1790804191,0,77060477,0,109780.94,19993.52,793624.27,1074338.71,1448089.40,2439011.38,4583385.03,131328,47579135,1255162.03,957221.92,77060477,1000,1000,1000,0,0,0,0,0,0,1138636.29,2000853.31,2599012.10,1187250.08,19993
1790804192,0,77080485,0,109653.23,20007.91,793614.04,1074364.31,1448099.65,2438939.71,4582750.15,131328,47579135,1255146.12,957138.67,77080485,1000,1000,1000,0,0,0,0,0,0,1137128.89,2008572.95,2846973.36,1193854.50,20008
1790804193,0,77100481,0,109525.85,19995.55,793619.14,1074364.30,1448120.12,2438898.73,4582156.24,131328,47579135,1255142.22,957065.32,77100481,1000,1000,1000,0,0,0,0,0,0,1155267.14,2212755.36,3332909.65,1240130.18,19996
1790804194,0,77120479,0,109398.87,19998.09,793614.03,1074359.19,1448120.13,2438755.37,4581808.07,131328,47579135,1255113.98,956985.48,77120479,1000,1000,1000,0,0,0,0,0,0,1076590.73,1962364.32,2978515.09,1146236.43,19998
1790804195,0,77140482,0,109272.21,20002.72,793619.15,1074359.18,1448089.41,2438540.32,4581316.55,131328,47579135,1255084.77,956888.07,77140482,1000,1000,1000,0,0,0,0,0,0,1119852.73,1793945.95,2124009.00,1142449.81,20003
1790804196,0,77160482,0,109145.97,20000.21,793624.26,1074364.30,1448120.13,2438437.92,4580763.61,131328,47579135,1255079.11,956803.80,77160482,1000,1000,1000,0,0,0,0,0,0,1180689.84,2090298.96,2765752.40,1233258.55,20000
1790804197,0,77180485,0,109020.04,20003.35,793644.74,1074374.53,1448161.07,2438355.99,4580128.73,131328,47579135,1255064.84,956715.43,77180485,1000,1000,1000,0,0,0,0,0,0,1155180.19,2030877.98,2620716.98,1200017.63,20003
1790804198,0,77200479,0,108894.43,19994.27,793649.87,1074400.15,1448150.84,2438304.79,4579801.08,131328,47579135,1255065.14,956660.30,77200479,1000,1000,1000,0,0,0,0,0,0,1172393.01,2160523.66,3315938.91,1256204.18,19994
1790804199,0,77220481,0,108769.26,20002.22,793634.50,1074400.13,1448181.55,2438222.87,4579637.22,131328,47579135,1255065.48,956658.32,77220481,1000,1000,1000,0,0,0,0,0,0,1157081.78,2039362.47,4080782.86,1256405.37,20002
1790804200,0,77240481,0,108644.43,19999.94,793654.98,1074410.38,1448161.07,2438069.27,4579084.28,131328,47579135,1255040.09,956563.56,77240481,1000,1000,1000,0,0,0,0,0,0,1129870.31,1816320.43,2351258.34,1157007.32,20000
1790804201,0,77260488,0,108519.90,20007.08,793644.74,1074420.61,1448161.08,2437956.64,4578899.96,131328,47579135,1255021.27,956485.07,77260488,1000,1000,1000,0,0,0,0,0,0,1128427.35,1974423.93,2832287.08,1182345.65,20007
1790804202,0,77280485,0,108395.72,19997.05,793649.87,1074430.87,1448161.09,2437833.73,4578265.06,131328,47579135,1255005.51,956399.16,77280485,1000,1000,1000,0,0,0,0,0,0,1144810.52,1998144.94,2650113.46,1194131.48,19997
1790804203,0,77300480,0,108271.94,19994.37,793639.62,1074425.74,1448150.83,2437608.43,4577630.19,131328,47579135,1254972.53,956301.69,77300480,1000,1000,1000,0,0,0,0,0,0,1105059.70,1727674.39,2113871.67,1127499.81,19995
1790804204,0,77320481,0,108148.49,20000.48,793660.10,1074451.34,1448161.07,2437465.06,4576688.10,131328,47579135,1254959.07,956212.48,77320481,1000,1000,1000,0,0,0,0,0,0,1153161.49,2006580.99,2554230.38,1202950.46,20001
1790804205,0,77340481,0,108025.36,20000.88,793649.88,1074451.35,1448130.36,2437291.00,4576155.63,131328,47579135,1254932.22,956118.16,77340481,1000,1000,1000,0,0,0,0,0,0,1120582.99,1783305.75,2372406.81,1151117.72,20000
1790804206,0,77360483,0,107902.59,20002.90,793644.74,1074451.33,1448120.10,2437168.10,4575827.95,131328,47579135,1254910.65,956028.14,77360483,1000,1000,1000,0,0,0,0,0,0,1127000.18,1960448.95,2604729.71,1171499.19,20002
1790804207,0,77380486,0,107780.10,20001.35,793629.38,1074482.06,1448140.58,2437168.10,4575029.23,131328,47579135,1254890.15,955940.72,77380486,1000,1000,1000,0,0,0,0,0,0,1124094.78,1962353.73,2714655.40,1175602.67,20003
1790804208,0,77400478,0,107658.03,19993.05,793624.26,1074487.18,1448150.82,2437055.45,4574701.55,131328,47579135,1254852.85,955846.15,77400478,1000,1000,1000,0,0,0,0,0,0,1080483.26,1762601.46,2329676.24,1110467.75,19992
1790804209,0,77537440,0,107698.58,136958.60,794004.60,1075032.44,1449254.26,2442085.12,4605207.10,131328,47579135,1258005.53,985805.96,77537440,1000,1000,1000,0,0,0,0,0,0,1491052.30,11508738.81,33394351.93,3039661.50,136962
1790804210,0,78369762,0,108703.59,832355.14,795847.24,1077838.49,1454063.78,2462421.36,4734561.96,131328,54165503,1269500.29,1080158.45,78369762,1000,1000,1000,0,0,0,0,0,0,1431482.09,7490673.40,23811839.30,2340328.98,832322
1790804211,0,79369863,0,109938.31,1000063.82,797153.76,1079205.67,1455699.20,2464046.87,4737079.19,131328,54165503,1270880.12,1079015.54,79369863,1000,1000,1000,0,0,0,0,0,0,1196945.11,2558677.77,4987042.77,1379006.20,1000101
1790804212,0,80369609,0,111169.16,999759.94,798700.32,1081094.50,1457970.46,2467908.50,4737920.00,131328,54165503,1272734.59,1077645.04,80369609,1000,1000,1000,0,0,0,0,0,0,1228716.05,2678569.16,4832141.84,1419961.13,999746
1790804213,0,81370090,0,112397.57,1000484.53,800189.46,1082925.51,1460402.86,2472753.83,4745551.44,131328,54165503,1274626.01,1075404.00,81370090,1000,1000,1000,0,0,0,0,0,0,1234741.45,2832694.04,4986680.13,1426565.34,1000481
1790804214,0,82370051,0,113621.85,999971.97,801587.23,1084649.46,1462477.29,2475591.81,4773802.55,131328,54165503,1276789.44,1076682.49,82370051,1000,1000,1000,0,0,0,0,0,0,1224782.01,2699581.98,6552796.59,1452835.04,999961
1790804215,0,83369950,0,114842.76,999908.81,803184.77,1086712.19,1465433.53,2479239.04,4798499.61,131328,54165503,1279324.00,1076682.23,83369950,1000,1000,1000,0,0,0,0,0,0,1277709.50,2800474.64,6361807.00,1488116.48,999899
1790804216,0,84370325,0,116060.86,1000355.27,804608.03,1088492.34,1467682.79,2480991.95,4798254.90,131328,54165503,1280935.85,1075138.54,84370325,1000,1000,1000,0,0,0,0,0,0,1239339.23,2594998.45,4900882.37,1415265.61,1000375
1790804217,0,85370286,0,117275.13,999945.49,805984.64,1090066.48,1469694.28,2485168.90,4798304.68,131328,54165503,1282590.40,1073683.91,85370286,1000,1000,1000,0,0,0,0,0,0,1231277.70,2771216.68,4982817.19,1422191.13,999961
1790804218,0,86370074,0,118485.78,999845.22,807382.39,1091627.79,1471127.27,2487088.86,4797958.03,131328,54165503,1283789.18,1071391.78,86370074,1000,1000,1000,0,0,0,0,0,0,1220890.19,2697738.61,4728345.37,1386150.86,999788
1790804219,0,87369937,0,119693.21,999917.62,808565.29,1093065.79,1472957.71,2489785.48,4791320.75,131328,54165503,1285142.91,1070387.97,87369937,1000,1000,1000,0,0,0,0,0,0,1217149.39,2681337.93,4709256.69,1402080.91,999863
1790804220,0,88370340,0,120898.13,1000284.61,809880.67,1094697.12,1474939.87,2494164.08,4791974.22,131328,54165503,1286712.32,1068446.45,88370340,1000,1000,1000,0,0,0,0,0,0,1240135.87,2781118.00,4964815.74,1423775.95,1000403
1790804221,0,89370300,0,122099.08,999947.38,810879.63,1095767.39,1475972.66,2495847.93,4796493.23,131328,54165503,1287768.52,1067296.32,89370300,1000,1000,1000,0,0,0,0,0,0,1190684.69,2663494.28,5510114.74,1381109.29,999960
1790804222,0,90370196,0,123296.77,999916.74,812282.70,1097523.33,1478131.97,2499135.03,4803058.68,131328,54165503,1289564.69,1066665.33,90370196,1000,1000,1000,0,0,0,0,0,0,1252078.47,2710641.20,5330111.30,1450105.81,999896
1790804223,0,91370081,0,124491.08,999897.51,813684.31,1099450.75,1480543.77,2502227.29,4804112.12,131328,54165503,1291320.47,1065200.64,91370081,1000,1000,1000,0,0,0,0,0,0,1278585.22,2749712.49,5265720.05,1450009.09,999885
1790804224,0,92370110,0,125682.36,1000015.09,815062.07,1101048.65,1482551.05,2506920.41,4822390.31,131328,54165503,1293838.96,1070116.23,92370110,1000,1000,1000,0,0,0,0,0,0,1257815.60,2869977.67,6877763.53,1523946.39,1000029
1790804225,0,93370318,0,126870.69,1000211.98,816439.44,1102748.18,1484443.99,2510921.59,4824471.81,131328,54165503,1295777.06,1072186.18,93370318,1000,1000,1000,0,0,0,0,0,0,1253093.08,2799196.54,5721619.24,1474762.00,1000208
1790804226,0,94370169,0,128055.29,999843.34,817945.26,1104714.72,1487044.81,2515347.49,4821557.69,131328,54165503,1297538.40,1069751.45,94370169,1000,1000,1000,0,0,0,0,0,0,1294642.55,2823906.62,4677792.65,1462019.86,999851
1790804227,0,95370443,0,129237.22,1000248.43,819414.61,1106726.09,1490042.97,2523259.62,4826824.91,131328,54165503,1299821.23,1068111.82,95370443,1000,1000,1000,0,0,0,0,0,0,1320563.69,3059338.86,4994288.33,1515193.47,1000274
1790804228,0,96370140,0,130415.17,999726.11,821026.44,1108848.87,1492925.72,2525966.89,4825087.02,131328,54165503,1301700.45,1065711.85,96370140,1000,1000,1000,0,0,0,0,0,0,1329966.45,2747523.75,4584846.31,1480977.07,999697
1790804229,0,97369971,0,131590.18,999896.68,822281.10,1110281.81,1494203.49,2527600.40,4826654.01,131328,54165503,1302959.73,1065581.56,97369971,1000,1000,1000,0,0,0,0,0,0,1235847.06,2714080.22,4879440.29,1424336.83,999831
1790804230,0,98370180,0,132762.47,1000184.25,823417.55,1111530.57,1495164.82,2526662.67,4818710.66,131328,54165503,1303528.56,1062874.41,98370180,1000,1000,1000,0,0,0,0,0,0,1225651.02,2441342.05,4329970.35,1358904.49,1000209
1790804231,0,99370063,0,133931.19,999907.82,824856.45,1113455.41,1497385.28,2530805.97,4825663.38,131328,54165503,1305299.57,1061052.31,99370063,1000,1000,1000,0,0,0,0,0,0,1301426.40,2889159.01,4923025.28,1479534.61,999883
1790804232,0,100370048,0,135096.90,999998.72,826151.74,1115047.30,1498776.02,2531743.72,4824670.42,131328,54165503,1306325.49,1058672.80,100370048,1000,1000,1000,0,0,0,0,0,0,1256885.43,2630674.08,4517531.57,1408272.10,999985
1790804233,0,101370088,0,136259.53,999979.45,827569.62,1116925.63,1501099.14,2536556.10,4840655.72,131328,54165503,1308519.33,1058886.04,101370088,1000,1000,1000,0,0,0,0,0,0,1312579.49,3139347.15,5819464.55,1528706.59,1000040
1790804234,0,102370111,0,137419.01,1000007.92,828808.55,1118589.66,1503146.20,2539866.15,4858990.34,131328,54165503,1310423.06,1059487.96,102370111,1000,1000,1000,0,0,0,0,0,0,1289064.03,2849892.35,6519959.51,1503399.96,1000023
1790804235,0,103370078,0,138575.33,1000014.53,830206.42,1120535.15,1505489.83,2541855.76,4861196.82,131328,54165503,1311985.81,1057746.71,103370078,1000,1000,1000,0,0,0,0,0,0,1318203.58,2689715.46,4873466.95,1471969.56,999967
1790804236,0,104370013,0,139728.52,999906.02,831593.37,1122423.13,1507822.98,2544589.21,4863957.33,131328,54165503,1313600.00,1055825.63,104370013,1000,1000,1000,0,0,0,0,0,0,1326016.96,2744572.38,4670818.95,1480470.43,999935
1790804237,0,105369858,0,140878.45,999847.17,832909.52,1124005.76,1509677.49,2545963.32,4867466.83,131328,54165503,1314992.08,1054371.68,105369858,1000,1000,1000,0,0,0,0,0,0,1291246.92,2702118.24,5019756.33,1460305.35,999845
1790804238,0,106369993,0,142025.72,1000127.41,834291.51,1125889.02,1512153.75,2549415.29,4874051.53,131328,54165503,1317044.39,1054439.31,106369993,1000,1000,1000,0,0,0,0,0,0,1335229.60,2863582.02,5603390.36,1533267.18,1000135
1790804239,0,107370057,0,143169.88,1000033.19,835581.80,1127644.87,1514210.86,2553039.82,4874488.94,131328,54165503,1318712.21,1054061.66,107370057,1000,1000,1000,0,0,0,0,0,0,1306424.67,2895623.44,5243858.82,1496107.03,1000064
1790804240,0,108369943,0,144310.74,999962.98,836805.02,1129123.26,1515908.72,2555027.61,4872471.43,131328,54165503,1319974.90,1052271.82,108369943,1000,1000,1000,0,0,0,0,0,0,1289262.51,2796978.58,4608472.17,1455565.06,999886
1790804241,0,109369613,0,145448.28,999654.33,837741.32,1130228.68,1517147.21,2556868.95,4864483.28,131328,54165503,1320871.28,1050451.29,109369613,1000,1000,1000,0,0,0,0,0,0,1242888.86,2719189.00,4509156.10,1418044.12,999670
1790804242,0,110370178,0,146583.99,1000542,838571.02,1130940.89,1517976.79,2557529.24,4865627.50,131328,54165503,1321644.56,1049926.45,110370178,1000,1000,1000,0,0,0,0,0,0,1207984.48,2655963.14,5129766.26,1406170.16,1000565
1790804243,0,111369908,0,147715.52,999711.99,839815.08,1132481.56,1519563.39,2558549.42,4868725.14,131328,54165503,1322979.30,1049257.55,111369908,1000,1000,1000,0,0,0,0,0,0,1285749.52,2649287.94,5080919.59,1470335.17,999730
1790804244,0,112369927,0,148844.48,1000001.31,840920.03,1133851.95,1520963.47,2560208.62,4874976.43,131328,54165503,1324226.20,1048486.33,112369927,1000,1000,1000,0,0,0,0,0,0,1267678.76,2759347.15,5043730.13,1463090.15,1000019
1790804245,0,113370087,0,149970.63,1000169.80,842081.96,1135351.89,1522805.90,2560551.77,4873615.42,131328,54165503,1325437.48,1047163.08,113370087,1000,1000,1000,0,0,0,0,0,0,1312266.53,2593283.53,4825714.56,1461527.00,1000160
1790804246,0,114369708,0,151093.12,999633.64,843202.64,1136830.65,1524679.09,2565276.39,4892464.77,131328,89718783,1328239.65,1065844.65,114369708,1000,1000,1000,0,0,0,0,0,0,1303331.14,3845859.16,9229802.08,1646043.08,999621
1790804247,0,115369959,0,152213.44,1000246.62,844385.28,1138396.85,1527001.55,2573767.46,4960198.70,131328,89718783,1335540.02,1146221.33,115369959,1000,1000,1000,0,0,0,0,0,0,1338502.29,6222835.46,22026814.11,2170270.93,1000251
1790804248,0,116369956,0,153330.51,1000069.52,845357.59,1139675.71,1528350.95,2575184.60,4956164.89,131328,89718783,1336369.56,1143627.58,116369956,1000,1000,1000,0,0,0,0,0,0,1277809.41,2715784.65,4596907.68,1432074.25,999997
1790804249,0,117369678,0,154444.28,999664.97,846202.31,1140571.31,1529404.20,2575997.90,4955684.09,131328,89718783,1337221.32,1143026.50,117369678,1000,1000,1000,0,0,0,0,0,0,1243775.07,2639813.32,5134561.48,1436367.63,999722
1790804250,0,118370033,0,155555.89,1000369.94,846945.21,1141411.93,1530491.52,2578148.80,4955109.22,131328,89718783,1338012.23,1141240.78,118370033,1000,1000,1000,0,0,0,0,0,0,1239778.84,2793674.22,4895360.83,1430808.68,1000355
1790804251,0,119369476,0,156663.45,999453.89,848128.08,1142891.84,1532263.09,2580777.63,4956624.11,131328,89718783,1339553.64,1141589.96,119369476,1000,1000,1000,0,0,0,0,0,0,1317656.19,2821467.68,5363953.24,1522112.28,999443
1790804252,0,120369913,0,157769.39,1000435.26,849218.97,1144264.40,1533727.60,2581923.50,4951007.64,131328,89718783,1340491.77,1139127.57,120369913,1000,1000,1000,0,0,0,0,0,0,1304186.48,2732984.11,4509665.19,1452426.48,1000437
1790804253,0,121370039,0,158872.04,1000083.28,850298.86,1145728.12,1535794.78,2585599.78,4948091.12,131328,89718783,1341898.94,1137230.16,121370039,1000,1000,1000,0,0,0,0,0,0,1328038.23,2899799.85,4726408.51,1511258.13,1000126
1790804254,0,122369874,0,159971.41,999853.76,851153.96,1146767.57,1536788.30,2586161.54,4936010.53,131328,89718783,1342426.06,1134379.98,122369874,1000,1000,1000,0,0,0,0,0,0,1264726.48,2643191.09,4171741.49,1406413.59,999835
1790804255,0,123369407,0,161067.50,999511,852146.62,1147918.69,1537739.48,2587306.03,4934380.35,131328,89718783,1343223.43,1132023.95,123369407,1000,1000,1000,0,0,0,0,0,0,1278421.57,2766127.20,4606515.41,1440842.97,999533
1790804256,0,124370225,0,162162.44,1000831.09,853139.60,1149141.98,1539233.95,2589084.40,4947914.87,131328,89718783,1344849.87,1134984.80,124370225,1000,1000,1000,0,0,0,0,0,0,1296597.36,2777252.69,7394927.31,1545338.71,1000818
1790804257,0,125370271,0,163253.49,1000036.83,853959.13,1150099.56,1540185.47,2591106.55,4943351.65,131328,89718783,1345575.55,1133140.59,125370271,1000,1000,1000,0,0,0,0,0,0,1260451.91,2780270.86,4701849.64,1435824.25,1000046
1790804258,0,126370007,0,164341.35,999776.91,854722.32,1151072.31,1541044.90,2591901.98,4946733.34,131328,89718783,1346338.98,1131833.02,126370007,1000,1000,1000,0,0,0,0,0,0,1263118.78,2663990.54,5188421.97,1442076.57,999736
1790804259,0,127370109,0,165426.84,1000082.27,855561.71,1152003.31,1541811.39,2591848.79,4940607.80,131328,89718783,1346802.86,1129499.58,127370109,1000,1000,1000,0,0,0,0,0,0,1258157.46,2592957.38,4531384.69,1405417.26,1000102
1790804260,0,128370269,0,166509.50,1000102.54,856344.77,1152750.56,1542527.63,2592350.51,4938067.68,131328,89718783,1347365.73,1127944.56,128370269,1000,1000,1000,0,0,0,0,0,0,1245865.21,2653550.95,4873665.98,1419047.41,1000160
1790804261,0,129370133,0,167589.08,999916.59,856877.06,1153261.99,1542926.34,2593012.36,4935398.86,131328,89718783,1347672.89,1125943.43,129370133,1000,1000,1000,0,0,0,0,0,0,1215906.85,2618196.66,4724474.64,1387108.35,999864
1790804262,0,130369928,0,168665.78,999844.99,857594.25,1153963.77,1543818.07,2593831.97,4939124.85,131328,89718783,1348394.88,1125409.74,130369928,1000,1000,1000,0,0,0,0,0,0,1239098.19,2723549.48,5626891.15,1441817.99,999795
1790804263,0,131370418,0,169740.49,1000430.18,858177.89,1154583.07,1544318.99,2594370.27,4934004.64,131328,89718783,1348775.21,1123836.37,131370418,1000,1000,1000,0,0,0,0,0,0,1224814.96,2659382.29,4538248.36,1398333.85,1000490
1790804264,0,132370026,0,170811.43,999655.59,859063.19,1155529.83,1545199.44,2593425.57,4929267.78,131328,89718783,1349289.80,1121603.70,132370026,1000,1000,1000,0,0,0,0,0,0,1270810.05,2496484.35,4147013.05,1416917.77,999608
1790804265,0,133370224,0,171880.29,1000146.39,859964.09,1156589.24,1546171.22,2594228.19,4925377.98,131328,89718783,1350092.26,1120496.49,133370224,1000,1000,1000,0,0,0,0,0,0,1286109.00,2655250.15,4694203.46,1456293.60,1000198
1790804266,0,134369853,0,172945.66,999691.81,860732.62,1157512.08,1547309.83,2596299.16,4937959.45,131328,89718783,1351544.46,1123258.89,134369853,1000,1000,1000,0,0,0,0,0,0,1283371.13,2837020.34,7337414.31,1545296.93,999629
1790804267,0,135370234,0,174009.30,1000356.83,861735.67,1158821.81,1549027.73,2601207.06,4946346.18,131328,89718783,1353263.96,1123827.57,135370234,1000,1000,1000,0,0,0,0,0,0,1338230.12,3167530.32,5901924.59,1584225.13,1000381
1790804268,0,136370233,0,175069.66,1000023.72,862324.84,1159441.66,1549540.17,2602546.00,4950902.54,131328,89718783,1353983.77,1124145.45,136370233,1000,1000,1000,0,0,0,0,0,0,1236808.61,2781742.38,5670554.80,1451423.98,999999
1790804269,0,137253938,0,175978.36,883645.13,862843.88,1160132.01,1550121.99,2603073.05,4956312.49,131328,89718783,1354813.52,1126170.55,137253938,1000,1000,1000,0,0,0,0,0,0,1258206.43,2698437.23,6876448.47,1482857.37,883705
1790804270,0,137443436,0,175995.74,189487.40,862924.31,1160181.34,1550212.98,2603438.21,4956152.94,131328,89718783,1354846.37,1125811.77,137443436,1000,1000,1000,0,0,0,0,0,0,1216341.77,2817123.62,4234899.68,1378640.87,189498
1790804271,0,137463435,0,175796.24,19999.13,862914.07,1160165.98,1550192.50,2603356.29,4955743.35,131328,89718783,1354825.56,1125789.16,137463435,1000,1000,1000,0,0,0,0,0,0,1094337.16,2037468.58,4353901.53,1211811.93,19999
1790804272,0,137483445,0,175597.23,20009.70,862903.83,1160140.39,1550141.30,2603315.34,4955538.53,131328,89718783,1354796.91,1125725.23,137483445,1000,1000,1000,0,0,0,0,0,0,1111668.19,1908024.09,2532383.44,1157992.95,20010
1790804273,0,137503431,0,175398.79,19987.50,862893.59,1160140.38,1550161.78,2603274.37,4955292.79,131328,89718783,1354772.18,1125663.48,137503431,1000,1000,1000,0,0,0,0,0,0,1132197.11,1999592.38,2736404.80,1184669.11,19986
1790804274,0,137523426,0,175200.80,19993.44,862888.47,1160160.86,1550131.05,2603090.04,4954965.10,131328,89718783,1354740.70,1125597.69,137523426,1000,1000,1000,0,0,0,0,0,0,1108750.71,1796172.13,2287870.19,1138232.23,19995
1790804275,0,137543434,0,175003.28,20007.51,862888.48,1160145.51,1550090.12,2603049.12,4954637.42,131328,89718783,1354713.90,1125533.78,137543434,1000,1000,1000,0,0,0,0,0,0,1125652.19,1903420.98,2567510.62,1170520.34,20008
1790804276,0,137563436,0,174806.36,20002.90,862883.35,1160140.38,1550059.37,2602905.73,4954350.71,131328,89718783,1354683.64,1125469.28,137563436,1000,1000,1000,0,0,0,0,0,0,1107823.04,1863767.11,2368559.64,1146558.29,20002
1790804277,0,137583436,0,174609.87,19998.50,862862.87,1160125.03,1550028.66,2602782.86,4954063.97,131328,89718783,1354650.87,1125404.72,137583436,1000,1000,1000,0,0,0,0,0,0,1093446.12,1820879.13,2357953.00,1129268.45,20000
1790804278,0,137603434,0,174413.91,19999.07,862852.63,1160104.54,1549987.69,2602659.96,4953736.30,131328,89718783,1354618.97,1125338.22,137603434,1000,1000,1000,0,0,0,0,0,0,1110877.81,1757828.24,2187479.09,1135170.42,19998
1790804279,0,137623433,0,174218.42,19999.27,862842.39,1160058.46,1549946.73,2602434.68,4953244.80,131328,89718783,1354584.51,1125272.56,137623433,1000,1000,1000,0,0,0,0,0,0,1096116.27,1759837.29,2113517.59,1117466.37,19999
1790804280,0,137643428,0,174023.43,19995.02,862837.27,1160058.46,1549905.77,2602414.20,4952958.09,131328,89718783,1354552.86,1125208.15,137643428,1000,1000,1000,0,0,0,0,0,0,1099183.95,1786339.58,2428956.60,1136721.38,19995
1790804281,0,137663437,0,173828.98,20008.45,862827.03,1160027.74,1549875.06,2602311.81,4952671.37,131328,89718783,1354516.64,1125141.75,137663437,1000,1000,1000,0,0,0,0,0,0,1082098.58,1694992.23,2086238.33,1105320.82,20009
1790804282,0,137683430,0,173634.99,19994.03,862811.68,1160012.39,1549895.55,2602209.44,4952261.77,131328,89718783,1354486.61,1125078.07,137683430,1000,1000,1000,0,0,0,0,0,0,1108351.44,1857133.40,2534192.85,1147733.08,19993
1790804283,0,137703435,0,173441.46,20004.66,862796.32,1160017.51,1549895.55,2602107.04,4952343.69,131328,89718783,1354475.29,1125073.22,137703435,1000,1000,1000,0,0,0,0,0,0,1121491.02,2114727.41,5433237.55,1276601.07,20005
1790804284,0,137723434,0,173248.45,19998.78,862780.95,1160012.37,1549864.81,2601973.87,4952015.98,131328,89718783,1354445.20,1125009.12,137723434,1000,1000,1000,0,0,0,0,0,0,1110001.12,1884588.38,2423240.70,1147247.12,19999
1790804285,0,137743447,0,173055.94,20011.66,862750.23,1159971.43,1549823.87,2601871.50,4951606.41,131328,89718783,1354413.27,1124942.77,137743447,1000,1000,1000,0,0,0,0,0,0,1110801.13,1798072.80,2192132.03,1134651.72,20013
1790804286,0,137763444,0,172863.91,19998.45,862750.23,1159961.18,1549782.90,2601789.58,4951278.72,131328,89718783,1354378.77,1124876.90,137763444,1000,1000,1000,0,0,0,0,0,0,1093387.00,1722913.95,2158720.56,1116774.22,19997
1790804287,0,137783438,0,172672.31,19994.69,862729.75,1159950.94,1549721.46,2601738.37,4950869.12,131328,89718783,1354341.00,1124810.05,137783438,1000,1000,1000,0,0,0,0,0,0,1078283.80,1656670.34,1998154.06,1094106.57,19994
1790804288,0,137803440,0,172481.22,20001.18,862714.40,1159935.59,1549690.76,2601615.52,4950623.37,131328,89718783,1354310.00,1124745.63,137803440,1000,1000,1000,0,0,0,0,0,0,1099413.74,1892000.62,2423306.26,1140736.90,20002
1790804289,0,137823430,0,172290.55,19989.77,862678.55,1159940.69,1549639.53,2601574.52,4950459.51,131328,89718783,1354279.85,1124683.40,137823430,1000,1000,1000,0,0,0,0,0,0,1097072.18,1801931.80,2789892.94,1146415.61,19990
1790804290,0,137843432,0,172100.45,20001.64,862678.55,1159945.82,1549639.53,2601492.61,4950090.87,131328,89718783,1354255.42,1124621.97,137843432,1000,1000,1000,0,0,0,0,0,0,1134877.87,1931949.52,2825741.90,1185965.08,20002
1790804291,0,137863432,0,171910.76,20000.47,862658.07,1159930.46,1549629.29,2601379.96,4949927.04,131328,89718783,1354226.36,1124560.55,137863432,1000,1000,1000,0,0,0,0,0,0,1109064.16,1845408.84,2704550.83,1153885.41,20000
1790804292,0,137883440,0,171721.60,20008.49,862642.71,1159930.46,1549608.81,2601277.58,4949640.31,131328,89718783,1354196.39,1124495.37,137883440,1000,1000,1000,0,0,0,0,0,0,1116990.77,1831620.76,2335407.26,1147694.68,20008
1790804293,0,137903440,0,171532.88,19999.68,862647.83,1159920.23,1549547.38,2601164.94,4949066.88,131328,89718783,1354164.79,1124430.06,137903440,1000,1000,1000,0,0,0,0,0,0,1107643.44,1781212.03,2439089.89,1136345.51,20000
1790804294,0,137923424,0,171344.59,19984.14,862642.70,1159909.97,1549547.36,2601134.19,4948862.09,131328,89718783,1354145.48,1124392.54,137923424,1000,1000,1000,0,0,0,0,0,0,1129227.40,2089601.46,3846515.52,1220884.28,19984
1790804295,0,137943436,0,171156.80,20011.33,862642.71,1159879.26,1549526.89,2600949.89,4948657.30,131328,89718783,1354112.32,1124326.74,137943436,1000,1000,1000,0,0,0,0,0,0,1094856.38,1757391.16,2239199.43,1125542.48,20012
1790804296,0,137963432,0,170969.52,19996.57,862627.34,1159858.78,1549506.41,2600847.48,4948411.54,131328,89718783,1354080.05,1124262.22,137963432,1000,1000,1000,0,0,0,0,0,0,1098919.07,1802293.69,2349025.09,1131473.62,19996
1790804297,0,137983434,0,170782.65,20002.57,862627.36,1159848.55,1549485.95,2600724.64,4948083.86,131328,89718783,1354047.59,1124198.62,137983434,1000,1000,1000,0,0,0,0,0,0,1093950.81,1781606.03,2467553.54,1130167.27,20002
1790804298,0,138003430,0,170596.24,19995.22,862601.75,1159848.54,1549475.70,2600642.70,4947633.28,131328,89718783,1354017.98,1124135.00,138003430,1000,1000,1000,0,0,0,0,0,0,1105938.41,1857478.05,2512542.52,1149728.10,19996
1790804299,0,138023427,0,170410.32,19996.21,862601.75,1159853.66,1549455.20,2600519.80,4947305.60,131328,89718783,1353987.18,1124070.34,138023427,1000,1000,1000,0,0,0,0,0,0,1103408.54,1826417.94,2440291.21,1141380.17,19997
1790804300,0,138043425,0,170224.78,19998.12,862596.62,1159858.77,1549434.72,2600437.88,4947100.81,131328,89718783,1353959.01,1124007.32,138043425,1000,1000,1000,0,0,0,0,0,0,1116130.68,1928201.24,2551593.17,1159555.92,19998
1790804301,0,138063434,0,170039.84,20010.42,862576.16,1159843.43,1549404.03,2600396.95,4946814.09,131328,89718783,1353932.79,1123948.70,138063434,1000,1000,1000,0,0,0,0,0,0,1111882.19,2032480.15,2885467.34,1173001.77,20009
1790804302,0,138083439,0,169855.30,20004.98,862560.79,1159853.66,1549363.05,2600376.45,4946445.43,131328,89718783,1353902.55,1123884.68,138083439,1000,1000,1000,0,0,0,0,0,0,1106441.72,1836366.58,2459498.61,1145264.79,20005
1790804303,0,138103443,0,169671.16,20003.06,862565.91,1159853.66,1549311.85,2600192.14,4946076.81,131328,89718783,1353871.54,1123819.77,138103443,1000,1000,1000,0,0,0,0,0,0,1107617.78,1839167.70,2346153.77,1139791.20,20004
1790804304,0,138123442,0,169487.51,19998.39,862565.91,1159853.66,1549281.14,2600028.29,4945667.23,131328,89718783,1353841.01,1123754.36,138123442,1000,1000,1000,0,0,0,0,0,0,1109749.26,1862503.80,2235787.72,1143036.35,19999
1790804305,0,138143440,0,169304.35,19998.76,862560.79,1159869.02,1549250.41,2599966.86,4945503.40,131328,89718783,1353818.41,1123698.11,138143440,1000,1000,1000,0,0,0,0,0,0,1136183.63,2032614.83,3070436.22,1197667.25,19998
1790804306,0,138163432,0,169121.56,19992.57,862545.43,1159874.13,1549240.16,2599905.40,4945093.79,131328,89718783,1353788.62,1123632.90,138163432,1000,1000,1000,0,0,0,0,0,0,1117834.88,1836675.71,2251565.20,1147970.50,19992
1790804307,0,138183442,0,168939.21,20009.97,862524.95,1159848.54,1549199.21,2599843.97,4944725.13,131328,89718783,1353760.83,1123569.56,138183442,1000,1000,1000,0,0,0,0,0,0,1115082.34,1893556.77,2696272.37,1161862.36,20010
1790804308,0,138203440,0,168757.39,19997.61,862519.83,1159833.18,1549188.97,2599803.01,4944315.56,131328,89718783,1353728.61,1123505.25,138203440,1000,1000,1000,0,0,0,0,0,0,1091029.06,1762726.98,2516004.02,1131118.49,19998
1790804309,0,138223435,0,168575.94,19995.21,862504.47,1159787.10,1549137.77,2599618.68,4943987.88,131328,89718783,1353700.57,1123443.04,138223435,1000,1000,1000,0,0,0,0,0,0,1108718.19,1934927.58,2746974.59,1159898.42,19995
1790804310,0,138243443,0,168394.96,20008.58,862489.11,1159781.98,1549107.05,2599557.25,4943619.21,131328,89718783,1353665.77,1123376.69,138243443,1000,1000,1000,0,0,0,0,0,0,1098066.50,1709444.83,2012645.67,1113255.64,20008
1790804311,0,138263429,0,168214.37,19985.76,862483.99,1159746.13,1549086.57,2599424.13,4943414.42,131328,89718783,1353634.85,1123311.81,138263429,1000,1000,1000,0,0,0,0,0,0,1108385.42,1814666.31,2361278.34,1139767.15,19986
1790804312,0,138283440,0,168034.32,20010.14,862473.75,1159730.78,1549066.09,2599311.49,4943004.79,131328,89718783,1353604.27,1123246.33,138283440,1000,1000,1000,0,0,0,0,0,0,1117725.91,1809652.83,2180249.69,1142289.26,20011
1790804313,0,138303424,0,167854.60,19984.46,862478.86,1159725.66,1549076.33,2599229.58,4942595.24,131328,89718783,1353577.02,1123181.72,138303424,1000,1000,1000,0,0,0,0,0,0,1135936.02,1863989.67,2335865.88,1165016.48,19984
1790804314,0,138323439,0,167675.43,20015.31,862453.27,1159730.78,1549045.61,2599065.73,4942144.65,131328,89718783,1353546.79,1123117.24,138323439,1000,1000,1000,0,0,0,0,0,0,1104260.03,1835839.30,2481037.17,1144652.26,20015
1790804315,0,138343431,0,167496.62,19992.36,862437.91,1159725.67,1548984.19,2599024.79,4942021.78,131328,89718783,1353514.64,1123051.53,138343431,1000,1000,1000,0,0,0,0,0,0,1106053.07,1778618.06,2154134.41,1131061.39,19992
1790804316,0,138363436,0,167318.24,20004.18,862432.78,1159725.65,1548943.21,2598963.32,4941653.13,131328,89718783,1353481.09,1122985.81,138363436,1000,1000,1000,0,0,0,0,0,0,1097471.04,1747846.97,2142462.88,1121504.25,20005
1790804317,0,138383437,0,167140.34,20001.32,862422.55,1159679.59,1548932.98,2598901.91,4941776.01,131328,89718783,1353467.66,1122978.73,138383437,1000,1000,1000,0,0,0,0,0,0,1107212.94,1972281.72,5368299.42,1260538.69,20001
1790804318,0,138403434,0,166962.85,19996.61,862427.66,1159674.46,1548912.48,2598819.97,4941448.35,131328,89718783,1353439.35,1122915.13,138403434,1000,1000,1000,0,0,0,0,0,0,1119738.90,1866160.22,2508877.30,1157526.74,19997
1790804319,0,138423434,0,166785.78,20000.48,862422.54,1159674.46,1548892.00,2598686.85,4941079.70,131328,89718783,1353410.77,1122851.33,138423434,1000,1000,1000,0,0,0,0,0,0,1112583.76,1878910.74,2561682.87,1155612.00,20000
1790804320,0,138443443,0,166609.10,20008.73,862407.19,1159638.62,1548851.05,2598615.18,4940792.98,131328,89718783,1353378.25,1122786.23,138443443,1000,1000,1000,0,0,0,0,0,0,1094471.22,1752008.45,2360161.53,1128461.17,20009
1790804321,0,138463439,0,166432.88,19996.13,862391.83,1159597.66,1548851.05,2598430.85,4940465.30,131328,89718783,1353347.20,1122721.72,138463439,1000,1000,1000,0,0,0,0,0,0,1105834.61,1790007.54,2470070.23,1138327.31,19996
1790804322,0,138483444,0,166257.12,20004.49,862376.47,1159602.77,1548799.85,2598348.94,4940137.61,131328,89718783,1353318.46,1122658.25,138483444,1000,1000,1000,0,0,0,0,0,0,1111592.13,1894313.88,2531290.15,1154413.25,20005
1790804323,0,138503429,0,166081.71,19985.95,862366.22,1159597.65,1548779.36,2598246.53,4939973.79,131328,89718783,1353290.93,1122599.88,138503429,1000,1000,1000,0,0,0,0,0,0,1109467.24,1922006.27,2872219.75,1162509.89,19985
1790804324,0,138523430,0,165906.71,20000.33,862345.75,1159587.41,1548769.13,2598154.38,4939850.91,131328,89718783,1353262.28,1122538.03,138523430,1000,1000,1000,0,0,0,0,0,0,1107802.86,1882274.73,2575627.02,1154840.59,20001
1790804325,0,138543445,0,165732.22,20014.29,862330.39,1159577.18,1548758.90,2598011.02,4939400.36,131328,89718783,1353229.31,1122472.39,138543445,1000,1000,1000,0,0,0,0,0,0,1102922.77,1758190.37,2162843.30,1125106.93,20015
1790804326,0,138563441,0,165558.07,19996.99,862315.02,1159566.93,1548738.41,2597908.61,4939113.63,131328,89718783,1353197.92,1122409.00,138563441,1000,1000,1000,0,0,0,0,0,0,1097150.71,1871347.68,2349583.18,1135674.65,19996
1790804327,0,138583441,0,165384.34,20000.15,862299.67,1159561.82,1548687.21,2597847.18,4938867.87,131328,89718783,1353164.40,1122344.74,138583441,1000,1000,1000,0,0,0,0,0,0,1084711.19,1805444.32,2336937.80,1120955.49,20000
1790804328,0,138603426,0,165211.05,19984.62,862299.66,1159546.45,1548646.24,2597847.16,4938785.94,131328,89718783,1353143.34,1122295.41,138603426,1000,1000,1000,0,0,0,0,0,0,1133564.90,2026603.32,3384355.33,1207085.45,19985
1790804329,0,138858368,0,165317.66,254964.67,862759.06,1160357.04,1550268.67,2605317.78,4980431.94,131328,89718783,1355286.29,1126108.21,138858368,1000,1000,1000,0,0,0,0,0,0,1879972.63,6976367.98,10886995.63,2520336.29,254942
1790804330,0,140516292,0,167092.49,1657968.75,865856.96,1165863.46,1560621.14,2642547.59,5151381.30,131328,89718783,1367577.94,1149989.85,140516292,1000,1000,1000,0,0,0,0,0,0,1843700.87,6340348.82,12222766.16,2397057.24,1657924
1790804331,0,142514887,0,169267.81,1998647.79,869447.04,1171844.81,1570718.54,2673426.91,5230044.20,131328,89718783,1378467.46,1172061.70,142514887,1000,1000,1000,0,0,0,0,0,0,1700642.55,4236652.74,11465679.16,2144082.64,1998595
1790804332,0,144515136,0,171439.96,2000208.70,872857.21,1177302.57,1579902.48,2699633.60,5308942.91,131328,89718783,1388013.68,1188224.12,144515136,1000,1000,1000,0,0,0,0,0,0,1658264.63,4177443.62,11585607.15,2068168.51,2000249
1790804333,0,146516780,0,173608.57,2001572.77,876229.67,1182472.09,1588463.04,2722989.64,5380341.59,131328,89718783,1396585.86,1199897.38,146516780,1000,1000,1000,0,0,0,0,0,0,1626834.15,4282960.77,9262627.46,2015481.68,2001644
1790804334,0,148516656,0,175769.94,1999933.19,879404.27,1187474.30,1596151.96,2741475.98,5467127.83,131328,89718783,1404707.68,1213142.77,148516656,1000,1000,1000,0,0,0,0,0,0,1597110.46,4271331.35,11354358.00,1999736.39,1999876
1790804335,0,150516585,0,177926.31,1999867.41,882767.40,1192721.85,1604815.33,2760011.18,5498106.01,131328,89718783,1411658.35,1216494.70,150516585,1000,1000,1000,0,0,0,0,0,0,1655053.98,3617951.27,8017783.34,1927821.78,1999929
1790804336,0,152516963,0,180078.08,2000338.69,886151.33,1198277.22,1613725.44,2780172.71,5541811.23,131328,89718783,1419015.83,1220905.40,152516963,1000,1000,1000,0,0,0,0,0,0,1674187.72,3709880.14,8656557.30,1972622.66,2000378
1790804337,0,154516450,0,182223.73,1999634.47,889509.96,1203566.30,1622706.09,2806040.10,5639444.15,131328,89718783,1427741.22,1228838.98,154516450,1000,1000,1000,0,0,0,0,0,0,1696408.56,4543273.43,9578746.65,2093296.41,1999487
1790804338,0,156516359,0,184364.85,1999821.45,892766.09,1208608.46,1630435.35,2827473.53,5733470.33,131328,89718783,1435875.91,1240827.11,156516359,1000,1000,1000,0,0,0,0,0,0,1636372.68,4533417.74,10467141.69,2064376.43,1999909
1790804339,0,158516952,0,186501.69,2000661.50,895955.93,1213334.94,1637688.05,2843282.00,5814204.22,131328,89718783,1443010.42,1248986.75,158516952,1000,1000,1000,0,0,0,0,0,0,1624295.42,4302737.02,9887226.84,2001179.00,2000593
1790804340,0,160516886,0,188632.77,1999954.69,899155.72,1218203.76,1644927.60,2860856.64,5895312.35,131328,89718783,1449904.67,1253692.98,160516886,1000,1000,1000,0,0,0,0,0,0,1636597.03,4322647.66,9213495.19,1996350.67,1999934
1790804341,0,162516926,0,190758.99,2000053.52,902161.00,1222684.35,1651453.00,2874418.28,5910517.35,131328,89718783,1454822.22,1252455.90,162516926,1000,1000,1000,0,0,0,0,0,0,1605824.35,3553997.92,6428552.74,1849489.20,2000040
1790804342,0,164517108,0,192880.35,2000156.44,905233.21,1227257.26,1657966.21,2887501.56,5906693.42,131328,89718783,1459670.16,1250976.44,164517108,1000,1000,1000,0,0,0,0,0,0,1614316.20,3710694.36,5692083.81,1853569.74,2000182
1790804343,0,166517186,0,194996.68,2000101.23,908192.45,1231542.78,1664572.11,2904550.19,5946714.02,131328,89718783,1465949.79,1257052.61,166517186,1000,1000,1000,0,0,0,0,0,0,1623702.63,4041326.66,8774636.63,1982483.64,2000078
1790804344,0,168516120,0,197106.68,1998836.74,911222.58,1236025.70,1671193.10,2918581.75,6007528.58,131328,89718783,1472260.43,1264233.33,168516120,1000,1000,1000,0,0,0,0,0,0,1639564.18,3879857.60,9808209.40,1997955.18,1998934
1790804345,0,170516739,0,199213.72,2000598.14,914110.48,1240107.27,1676693.55,2927328.11,6030736.08,131328,89718783,1476838.05,1265139.66,170516739,1000,1000,1000,0,0,0,0,0,0,1588197.79,3641102.20,7288877.49,1862419.85,2000619
1790804346,0,172517132,0,201315.54,2000471.81,917157.11,1244532.76,1683343.99,2942444.52,6061256.82,131328,89718783,1482175.45,1265394.69,172517132,1000,1000,1000,0,0,0,0,0,0,1653972.09,3820053.32,7534685.13,1937144.31,2000393
1790804347,0,174516585,0,203411.40,1999399.05,920208.17,1249427.36,1691118.33,2962707.10,6066809.48,131328,89718783,1488296.15,1265780.42,174516585,1000,1000,1000,0,0,0,0,0,0,1729099.74,4178441.06,6628896.76,2016403.26,1999453
1790804348,0,176515997,0,205502.36,1999496.22,923438.91,1254562.56,1699608.02,2988625.16,6128725.90,131328,89718783,1496026.33,1270940.63,176515997,1000,1000,1000,0,0,0,0,0,0,1787393.24,4755201.41,8533635.02,2170746.98,1999412
1790804349,0,178516057,0,207589.18,2000062.45,926659.63,1259663.06,1708260.70,3016647.91,6192774.98,131328,89718783,1503883.79,1275610.48,178516057,1000,1000,1000,0,0,0,0,0,0,1806000.42,4948480.38,8387011.95,2197347.28,2000060
1790804350,0,180515550,0,209670.47,1999457.87,929767.43,1264624.76,1716136.48,3040501.42,6253813.53,131328,89718783,1511105.46,1280623.92,180515550,1000,1000,1000,0,0,0,0,0,0,1775757.25,4687239.78,9001628.89,2155860.25,1999493
1790804351,0,182516299,0,211748.42,2000830.26,932870.56,1269771.14,1725169.55,3072769.46,6319720.19,131328,89718783,1519652.85,1288237.24,182516299,1000,1000,1000,0,0,0,0,0,0,1847041.28,5039583.78,9487458.26,2290832.70,2000749
1790804352,0,184516545,0,213820.96,2000107,935906.41,1274578.97,1732767.49,3093938.26,6346331.34,131328,89718783,1526040.03,1290383.13,184516545,1000,1000,1000,0,0,0,0,0,0,1770439.59,4588761.28,7240545.40,2108850.57,2000246
1790804353,0,186516319,0,215888.17,1999841.46,938860.68,1279008.34,1739885.67,3115645.48,6356500.03,131328,89718783,1531797.54,1291006.32,186516319,1000,1000,1000,0,0,0,0,0,0,1748388.90,4361365.74,6896822.70,2063035.89,1999774
1790804354,0,188516468,0,217951,2000049.02,941748.84,1283397.47,1746891.93,3136492.70,6375289.57,131328,89718783,1537784.64,1293966.79,188516468,1000,1000,1000,0,0,0,0,0,0,1744732.84,4243520.14,7625289.08,2096089.07,2000149
1790804355,0,190516043,0,220008.45,1999613.81,944697.95,1287903.30,1753773.43,3157119.87,6411197.16,131328,89718783,1544080.98,1299354.38,190516043,1000,1000,1000,0,0,0,0,0,0,1751066.85,4393039.57,9123299.02,2137688.27,1999575
1790804356,0,192516585,0,222062.28,2000469.37,947697.91,1292629.42,1761015.54,3178602.02,6441622.61,131328,89718783,1550328.06,1302040.50,192516585,1000,1000,1000,0,0,0,0,0,0,1783189.49,4437407.85,8386462.07,2145251.92,2000542
1790804357,0,194515722,0,224109.71,1999293.41,950662.40,1297206.94,1768264.34,3200463.70,6467008.89,131328,89718783,1556717.23,1305992.28,194515722,1000,1000,1000,0,0,0,0,0,0,1797685.19,4610403.47,8121283.09,2171993.34,1999137
1790804358,0,196516410,0,226154.16,2000708.38,953478.25,1301451.61,1774798.81,3214348.74,6482333.88,131328,89718783,1561686.99,1305783.82,196516410,1000,1000,1000,0,0,0,0,0,0,1750016.03,4285504.88,7081924.21,2044869.01,2000688
1790804359,0,198516248,0,228192.99,1999764.92,956305.15,1305959.08,1782319.20,3237678.89,6525981.63,131328,89718783,1568317.14,1309706.57,198516248,1000,1000,1000,0,0,0,0,0,0,1835098.97,4730248.62,8812628.10,2219836.46,1999838
1790804360,0,200515948,0,230227.07,1999766.34,959289.91,1310755.59,1790866.26,3262508.13,6562136.60,131328,89718783,1575400.96,1312974.09,200515948,1000,1000,1000,0,0,0,0,0,0,1926630.07,4740238.34,8268074.46,2278632.67,1999700
1790804361,0,202515161,0,232255.98,1999130.21,962076.36,1314956.55,1797270.33,3281128.37,6584665.04,131328,89718783,1580892.33,1315008.34,202515161,1000,1000,1000,0,0,0,0,0,0,1771468.28,4352542.76,7809432.09,2131663.06,1999213
1790804362,0,204516799,0,234282.75,2001646.20,964865.58,1319210.03,1804169.24,3306899.59,6633537.64,131328,89718783,1587994.80,1322372.56,204516799,1000,1000,1000,0,0,0,0,0,0,1815825.53,5285095.62,10070017.79,2306585.11,2001638
1790804363,0,206515970,0,236302.16,1999201.29,967548.76,1323399.38,1810816.58,3323263.50,6658167.37,131328,89718783,1593500.44,1325807.86,206515970,1000,1000,1000,0,0,0,0,0,0,1802850.44,4307992.68,8518699.63,2156732.19,1999171
1790804364,0,208516474,0,238318.56,2000475.79,970328.91,1327582.27,1817481.78,3341346.65,6671642.32,131328,89718783,1599127.89,1328393.72,208516474,1000,1000,1000,0,0,0,0,0,0,1822968.34,4577961.77,8036327.49,2180060.34,2000504
1790804365,0,210515518,0,240328.59,1998957.41,973103.21,1331912.48,1824544.79,3357272.28,6690849.40,131328,89718783,1604942.98,1332445.66,210515518,1000,1000,1000,0,0,0,0,0,0,1842909.73,4651195.93,8500396.59,2211503.36,1999044
1790804366,0,212515756,0,242335.50,2000245.44,975734.76,1335819.35,1830260.12,3370711.10,6710070.47,131328,89718783,1609740.98,1334092.67,212515756,1000,1000,1000,0,0,0,0,0,0,1771934.08,4634961.52,7882143.91,2114708.57,2000238
1790804367,0,214516306,0,244338.12,2000554.09,978417.59,1339869.59,1836579.59,3387108.08,6731706.40,131328,89718783,1614995.76,1335517.69,214516306,1000,1000,1000,0,0,0,0,0,0,1815226.25,4603955.48,7724865.95,2173203.15,2000550
1790804368,0,216515764,0,246334.94,1999506.99,981054.21,1343939.63,1843142.36,3401272.59,6750866.03,131328,89718783,1620300.37,1338657.51,216515764,1000,1000,1000,0,0,0,0,0,0,1838501.93,4480085.92,8730089.17,2189417.79,1999458
1790804369,0,218515720,0,248327.79,2000029.81,983624.47,1347774.62,1848825.36,3414750.46,6777232.01,131328,89718783,1625654.29,1345692.74,218515720,1000,1000,1000,0,0,0,0,0,0,1787652.01,4434616.48,10420009.09,2205271.12,1999956
1790804370,0,220515865,0,250316.37,2000086.85,986210.37,1351589.80,1854622.07,3430373.19,6830867.16,131328,89718783,1631731.68,1356349.27,220515865,1000,1000,1000,0,0,0,0,0,0,1801926.37,4745819.05,12466414.73,2295685.91,2000145
1790804371,0,222516258,0,252300.67,2000252.05,988816.54,1355788.23,1861359.39,3444964.91,6852880.19,131328,89718783,1637150.11,1359343.80,222516258,1000,1000,1000,0,0,0,0,0,0,1872932.38,4629772.34,8958927.29,2234457.82,2000393
1790804372,0,224516205,0,254280.09,2000098.28,991283.93,1359535.44,1866909.44,3458483.10,6880940.92,131328,89718783,1642158.79,1362989.86,224516205,1000,1000,1000,0,0,0,0,0,0,1803041.93,4467420.82,10138094.30,2199430.41,1999947
1790804373,0,226516493,0,256255.29,2000316.86,993700.72,1362976.79,1871743.45,3469821.72,6898490.69,131328,89718783,1646507.60,1365852.80,226516493,1000,1000,1000,0,0,0,0,0,0,1759670.33,4570133.13,9018268.70,2134625.85,2000288
1790804374,0,228536373,0,258245.28,2019806.76,996042.70,1366288.90,1876794.94,3486549.42,6999411.29,131328,126025727,1657611.29,1466094.73,228536373,1000,1000,1000,0,0,0,0,0,0,1766686.36,10599104.03,21152663.21,2902818.57,2019880
1790804375,0,230516768,0,260192.04,1980360.16,998334.47,1369714.69,1882177.46,3512795.85,7175560.70,131328,145752063,1680383.62,1755326.14,230516768,1000,1000,1000,0,0,0,0,0,0,1818694.95,21479012.55,39621975.99,4308296.58,1980395
1790804376,0,232516208,0,262153.01,1999503.71,1000664.19,1373023.14,1886757.32,3523427.96,7204773.37,131328,145752063,1684578.41,1756435.36,232516208,1000,1000,1000,0,0,0,0,0,0,1759250.23,4321799.92,10210764.34,2168198.86,1999440
1790804377,0,234515826,0,264109.67,1999660.23,1002978.51,1376269.92,1891397.59,3538356.71,7238936.17,131328,145752063,1689101.61,1757137.36,234515826,1000,1000,1000,0,0,0,0,0,0,1765167.63,4805915.25,10760488.18,2215060.50,1999618
1790804378,0,236516329,0,266063.07,2000491.69,1005271.54,1379570.88,1895890.13,3546991.03,7247329.15,131328,145752063,1692511.04,1754590.32,236516329,1000,1000,1000,0,0,0,0,0,0,1763051.73,4221285.72,7760609.97,2092193.10,2000503
1790804379,0,238515442,0,268010.38,1999161.57,1007539.82,1382607.61,1899863.57,3558496.76,7256426.99,131328,145752063,1695776.57,1751726.46,238515442,1000,1000,1000,0,0,0,0,0,0,1734518.88,4459472.60,7582369.96,2082122.92,1999113
1790804380,0,240517361,0,269956.47,2001840.95,1009761.65,1385586.50,1903762.23,3567060.42,7256309.34,131328,145752063,1698753.45,1748525.17,240517361,1000,1000,1000,0,0,0,0,0,0,1745318.30,4471418.93,6815856.80,2053429.80,2001919
1790804381,0,242516955,0,271895.73,1999638.97,1011548.97,1387497.28,1905146.19,3565303.06,7241546.24,131328,145752063,1699579.18,1743766.44,242516955,1000,1000,1000,0,0,0,0,0,0,1575029.33,3450650.20,6215937.62,1798899.68,1999594
1790804382,0,244515460,0,273829.32,1998463.37,1013454.09,1389664.00,1907339.10,3565712.37,7246382.95,131328,145752063,1701310.96,1741253.99,244515460,1000,1000,1000,0,0,0,0,0,0,1628405.57,3662914.28,7871775.63,1911462.27,1998505
1790804383,0,246516823,0,275761.77,2001321.31,1015255.77,1391568.22,1908874.65,3568678.38,7278208.73,131328,145752063,1703833.41,1743784.80,246516823,1000,1000,1000,0,0,0,0,0,0,1592329.69,3948674.84,10688745.91,2012012.13,2001363
1790804384,0,248516870,0,277688.43,2000112.63,1017006.73,1393698.40,1911363.60,3569642.26,7302798.91,131328,145752063,1706352.66,1745566.16,248516870,1000,1000,1000,0,0,0,0,0,0,1638719.95,3866225.41,10735258.78,2016863.24,2000047
1790804385,0,250516328,0,279610.30,1999521.71,1018634.32,1395428.57,1913165.11,3572551.88,7333687.64,131328,145752063,1709020.99,1749658.33,250516328,1000,1000,1000,0,0,0,0,0,0,1590330.69,4286001.02,12153912.11,2040673.61,1999458
1790804386,0,252516126,0,281528.07,1999786.40,1020538.99,1397640.24,1915561.14,3575498.25,7331057.09,131328,145752063,1710860.26,1746378.32,252516126,1000,1000,1000,0,0,0,0,0,0,1648813.48,3981100.02,7315802.53,1941267.98,1999798
1790804387,0,254516599,0,283442.38,2000388.35,1022197.63,1399463.16,1917464.88,3577548.06,7335437.93,131328,145752063,1712453.31,1743786.84,254516599,1000,1000,1000,0,0,0,0,0,0,1607292.82,3891188.42,8319302.95,1913540.42,2000473
1790804388,0,256517176,0,285352.47,2000576.82,1023928.80,1401117.83,1918460.20,3579658.73,7364020.92,131328,145752063,1714934.21,1748475.93,256517176,1000,1000,1000,0,0,0,0,0,0,1583478.32,4045739.27,13088282.03,2030558.05,2000577
1790804389,0,258280319,0,286994.80,1763090.97,1025315.98,1402542.76,1919760.40,3585678.13,7401214.38,131328,145752063,1717681.28,1753438.13,258280319,1000,1000,1000,0,0,0,0,0,0,1589162.11,4704297.19,13237464.57,2117349.75,1763143
1790804390,0,258643428,0,287079.34,363096.01,1025712.55,1402984.41,1920027.52,3585290.88,7397169.71,131328,145752063,1717804.94,1752573.93,258643428,1000,1000,1000,0,0,0,0,0,0,1598872.99,3398650.27,5092931.26,1805762.91,363109
1790804391,0,258663429,0,286783.21,20001.99,1025712.55,1402974.17,1919966.08,3585270.41,7397005.87,131328,145752063,1717780.02,1752522.25,258663429,1000,1000,1000,0,0,0,0,0,0,1287764.42,2592530.57,3905560.50,1395462.07,20001
1790804392,0,258683374,0,286487.66,19943.26,1025702.29,1402953.66,1919925.08,3585249.95,7396842.01,131328,145752063,1717756.30,1752480.59,258683374,1000,1000,1000,0,0,0,0,0,0,1277843.70,2605739.79,4254442.32,1410208.67,19945
1790804393,0,258703422,0,286192.90,20048.79,1025697.19,1402912.73,1919914.87,3585270.40,7397046.83,131328,145752063,1717760.75,1752549.84,258703422,1000,1000,1000,0,0,0,0,0,0,1347109.72,3987386.96,10376273.54,1775159.53,20048
1790804394,0,258723424,0,285898.78,20001.58,1025681.83,1402912.73,1919914.87,3585188.48,7397005.86,131328,145752063,1717736.20,1752499.75,258723424,1000,1000,1000,0,0,0,0,0,0,1299160.12,2460738.78,3934572.02,1400239.53,20002
1790804395,0,258743424,0,285605.23,20000.20,1025666.48,1402892.25,1919904.64,3585147.51,7397046.84,131328,145752063,1717712.62,1752452.57,258743424,1000,1000,1000,0,0,0,0,0,0,1301338.65,2592432.36,3950370.23,1412689.20,20000
1790804396,0,258763418,0,285312.40,19994.52,1025656.23,1402882.00,1919863.67,3584922.24,7396923.95,131328,145752063,1717681.24,1752396.04,258763418,1000,1000,1000,0,0,0,0,0,0,1275729.10,2144182.07,2745663.10,1311487.96,19994
1790804397,0,258783428,0,285020.24,20009.80,1025615.27,1402856.41,1919853.43,3584840.32,7396678.20,131328,145752063,1717651.05,1752339.27,258783428,1000,1000,1000,0,0,0,0,0,0,1276103.50,2245818.20,2712321.58,1327257.58,20010
1790804398,0,258803411,0,284728.64,19981.86,1025589.67,1402846.17,1919832.95,3584717.44,7396473.41,131328,145752063,1717615.66,1752283.00,258803411,1000,1000,1000,0,0,0,0,0,0,1220875.21,2046290.95,2630221.74,1259370.03,19983
1790804399,0,258823425,0,284437.67,20014.83,1025564.07,1402846.17,1919822.71,3584656.00,7396022.81,131328,145752063,1717582.78,1752228.46,258823425,1000,1000,1000,0,0,0,0,0,0,1225119.32,2198326.85,3171750.84,1292344.76,20014
1790804400,0,258843422,0,284147.46,19997.60,1025553.83,1402784.73,1919802.23,3584574.07,7395777.06,131328,145752063,1717549.92,1752172.30,258843422,1000,1000,1000,0,0,0,0,0,0,1246583.17,2139756.00,2693142.25,1292257.31,19997
1790804401,0,258863428,0,283857.81,20005.80,1025528.23,1402754.01,1919720.32,3584389.76,7395695.14,131328,145752063,1717516.40,1752115.22,258863428,1000,1000,1000,0,0,0,0,0,0,1247072.48,2130322.44,2593291.13,1283783.10,20006
1790804402,0,258883426,0,283568.77,19998.14,1025523.12,1402754.02,1919699.84,3584328.32,7394957.86,131328,145752063,1717479.87,1752058.51,258883426,1000,1000,1000,0,0,0,0,0,0,1213223.02,1978455.89,2477567.26,1244730.36,19998
1790804403,0,258903429,0,283280.33,20002.54,1025523.11,1402733.53,1919679.35,3584164.48,7394671.13,131328,145752063,1717445.22,1752001.80,258903429,1000,1000,1000,0,0,0,0,0,0,1230339.89,2079696.52,2635920.18,1268922.32,20003
1790804404,0,258923424,0,282992.63,19995.05,1025497.52,1402702.81,1919617.92,3584082.55,7394384.42,131328,145752063,1717413.34,1751946.86,258923424,1000,1000,1000,0,0,0,0,0,0,1243452.65,2202693.93,3216768.89,1304632.36,19995
1790804405,0,258943423,0,282705.51,19998.99,1025471.91,1402687.45,1919576.95,3584021.11,7394220.57,131328,145752063,1717380.80,1751895.94,258943423,1000,1000,1000,0,0,0,0,0,0,1225540.67,2128717.28,3387678.96,1296041.19,19999
1790804406,0,258963419,0,282419.04,19995.33,1025451.43,1402682.33,1919556.47,3584000.63,7394384.42,131328,145752063,1717359.69,1751869.94,258963419,1000,1000,1000,0,0,0,0,0,0,1287829.35,2515244.73,5736631.56,1444061.45,19996
1790804407,0,258983424,0,282133.12,20005.30,1025420.71,1402661.84,1919546.23,3583959.68,7394261.53,131328,145752063,1717325.19,1751813.65,258983424,1000,1000,1000,0,0,0,0,0,0,1224541.91,2127759.10,2803685.30,1270741.46,20005
1790804408,0,259003426,0,281847.87,20001.67,1025425.84,1402651.61,1919495.04,3583857.27,7393851.94,131328,145752063,1717289.89,1751757.23,259003426,1000,1000,1000,0,0,0,0,0,0,1215649.85,2102343.95,2734086.47,1260157.04,20002
1790804409,0,259023421,0,281563.21,19996.07,1025415.60,1402651.62,1919464.32,3583713.91,7393524.26,131328,145752063,1717256.71,1751701.16,259023421,1000,1000,1000,0,0,0,0,0,0,1232029.66,2226695.53,2787572.00,1287444.71,19995
1790804410,0,259043430,0,281279.23,20008.20,1025415.59,1402651.61,1919454.07,3583529.59,7393360.40,131328,145752063,1717226.37,1751645.98,259043430,1000,1000,1000,0,0,0,0,0,0,1259066.03,2342607.93,3001676.83,1324508.39,20009
1790804411,0,259063426,0,280995.84,19995.84,1025410.48,1402641.37,1919433.59,3583509.11,7393278.49,131328,145752063,1717197.33,1751593.18,259063426,1000,1000,1000,0,0,0,0,0,0,1272220.57,2321688.25,3442059.37,1340961.50,19996
1790804412,0,259083429,0,280713.03,20004.19,1025410.47,1402590.17,1919372.15,3583468.15,7393114.65,131328,145752063,1717163.28,1751537.47,259083429,1000,1000,1000,0,0,0,0,0,0,1224755.83,2138809.47,2889401.88,1276276.49,20003
1790804413,0,259103424,0,280430.92,19994.57,1025374.64,1402595.30,1919392.64,3583406.71,7392827.93,131328,145752063,1717129.69,1751481.13,259103424,1000,1000,1000,0,0,0,0,0,0,1237129.53,2147300.47,2717530.20,1281831.58,19995
1790804414,0,259123426,0,280149.30,20002.73,1025364.40,1402585.06,1919372.16,3583345.28,7392418.33,131328,145752063,1717099.21,1751425.49,259123426,1000,1000,1000,0,0,0,0,0,0,1275870.52,2150769.70,2870642.47,1322293.46,20002
1790804415,0,259143424,0,279868.38,19996.88,1025364.40,1402595.29,1919310.71,3583242.86,7392295.45,131328,145752063,1717069.62,1751369.92,259143424,1000,1000,1000,0,0,0,0,0,0,1291531.21,2206048.21,2907465.58,1333629.96,19998
1790804416,0,259163423,0,279588.01,19998.87,1025364.40,1402579.93,1919269.75,3583038.07,7391844.89,131328,145752063,1717037.04,1751313.27,259163423,1000,1000,1000,0,0,0,0,0,0,1254002.59,2132642.67,2742919.53,1294872.90,19999
1790804417,0,259183426,0,279308.28,20003.82,1025364.40,1402554.33,1919269.75,3583017.59,7391681.04,131328,145752063,1717012.13,1751268.55,259183426,1000,1000,1000,0,0,0,0,0,0,1271565.78,2639846.68,4573069.05,1394218.13,20003
1790804418,0,259203422,0,279029.08,19995.10,1025349.04,1402554.34,1919239.03,3582874.22,7391394.33,131328,145752063,1716982.28,1751212.54,259203422,1000,1000,1000,0,0,0,0,0,0,1284978.27,2166652.72,2872549.04,1330080.51,19996
1790804419,0,259223428,0,278750.59,20005.68,1025343.91,1402523.61,1919167.35,3582751.35,7390943.76,131328,145752063,1716949.97,1751156.03,259223428,1000,1000,1000,0,0,0,0,0,0,1263739.92,2088573.68,2512041.65,1298407.11,20006
1790804420,0,259243423,0,278472.62,19995.18,1025333.67,1402513.36,1919146.86,3582628.47,7390616.06,131328,145752063,1716921.30,1751100.79,259243423,1000,1000,1000,0,0,0,0,0,0,1308099.18,2234919.59,2700449.65,1345233.91,19995
1790804421,0,259263424,0,278195.25,20001.18,1025333.68,1402513.37,1919116.15,3582505.58,7390370.32,131328,145752063,1716888.80,1751045.03,259263424,1000,1000,1000,0,0,0,0,0,0,1241489.87,2128727.02,2744000.24,1295656.99,20001
1790804422,0,259283430,0,277918.53,20005.97,1025318.31,1402451.93,1919085.43,3582403.19,7390042.63,131328,145752063,1716851.99,1750988.80,259283430,1000,1000,1000,0,0,0,0,0,0,1206352.79,2039280.21,2470272.73,1239816.36,20006
1790804423,0,259303427,0,277642.34,19996.36,1025292.71,1402446.81,1919085.43,3582382.71,7389878.79,131328,145752063,1716814.02,1750932.40,259303427,1000,1000,1000,0,0,0,0,0,0,1200958.10,1941078.69,2418129.76,1224429.33,19997
1790804424,0,259323424,0,277366.84,19998.38,1025236.40,1402416.09,1919034.23,3582280.30,7389714.95,131328,145752063,1716776.46,1750878.04,259323424,1000,1000,1000,0,0,0,0,0,0,1175573.07,2045761.63,2875238.40,1229753.65,19997
1790804425,0,259343425,0,277091.81,19998.99,1025221.04,1402395.61,1918993.27,3582218.87,7389592.08,131328,145752063,1716741.34,1750823.59,259343425,1000,1000,1000,0,0,0,0,0,0,1191353.96,2178819.67,3066743.07,1261354.31,20001
1790804426,0,259363425,0,276817.38,20000.77,1025210.80,1402375.13,1918972.79,3582116.46,7389428.24,131328,145752063,1716704.81,1750767.75,259363425,1000,1000,1000,0,0,0,0,0,0,1199103,2017934.36,2542939.16,1243002.87,20000
1790804427,0,259383426,0,276543.63,20001.77,1025185.19,1402364.89,1918921.58,3582034.55,7389264.38,131328,145752063,1716673.16,1750714.40,259383426,1000,1000,1000,0,0,0,0,0,0,1232154.99,2181032.48,3214614.49,1306349.82,20001
1790804428,0,259403417,0,276270.38,19991.39,1025185.19,1402354.65,1918911.34,3581952.62,7388895.75,131328,145752063,1716645.96,1750660.15,259403417,1000,1000,1000,0,0,0,0,0,0,1280159.38,2414514.88,3317280.06,1363624.06,19991
1790804429,0,259423425,0,275997.71,20007.50,1025164.72,1402303.46,1918890.87,3581911.66,7388609.03,131328,145752063,1716612.29,1750603.47,259423425,1000,1000,1000,0,0,0,0,0,0,1266119.98,2037999.03,2426263.31,1280139.14,20008
1790804430,0,259443428,0,275725.68,20003.76,1025133.99,1402303.45,1918890.86,3581809.27,7388445.18,131328,145752063,1716579.34,1750547.55,259443428,1000,1000,1000,0,0,0,0,0,0,1249049.45,2157599.15,2591142.16,1289256.76,20003
1790804431,0,259463422,0,275454.20,19993.09,1025118.64,1402267.61,1918870.39,3581686.38,7388199.43,131328,145752063,1716544.43,1750491.39,259463422,1000,1000,1000,0,0,0,0,0,0,1220868.84,2122139.95,2617234.73,1263466.46,19994
1790804432,0,259483428,0,275183.28,20006.59,1025108.40,1402247.13,1918870.39,3581624.95,7387707.90,131328,145752063,1716507.39,1750434.68,259483428,1000,1000,1000,0,0,0,0,0,0,1199634.76,1979971.33,2421870.07,1236199.35,20006
1790804433,0,259503422,0,274912.96,19993.78,1025077.68,1402226.66,1918819.19,3581481.58,7387462.15,131328,145752063,1716469.86,1750378.64,259503422,1000,1000,1000,0,0,0,0,0,0,1187181.24,2022389.88,2628916.44,1229435.26,19994
1790804434,0,259523431,0,274643.18,20009.17,1025072.56,1402206.17,1918767.99,3581256.31,7387134.45,131328,145752063,1716435.59,1750322.32,259523431,1000,1000,1000,0,0,0,0,0,0,1240493.60,2098980.06,2589403.34,1271946.59,20009
1790804435,0,259543421,0,274374,19990.26,1025062.31,1402195.93,1918747.50,3581153.90,7386929.65,131328,145752063,1716399.05,1750266.13,259543421,1000,1000,1000,0,0,0,0,0,0,1209261.04,2014237.53,2408527.32,1241959.77,19990
1790804436,0,259563428,0,274105.38,20007.21,1025052.08,1402195.93,1918665.59,3581112.94,7386724.85,131328,145752063,1716363.01,1750210.61,259563428,1000,1000,1000,0,0,0,0,0,0,1203103.14,2053687.27,2703085.59,1248807.61,20007
1790804437,0,259583424,0,273837.34,19995.31,1025036.72,1402175.45,1918665.59,3581031.02,7386479.09,131328,145752063,1716325.19,1750154.98,259583424,1000,1000,1000,0,0,0,0,0,0,1181603.85,2007448.89,2478272.98,1225387.32,19996
1790804438,0,259603429,0,273569.82,20005.45,1025031.60,1402154.97,1918624.63,3580887.66,7386110.45,131328,145752063,1716292.45,1750102.52,259603429,1000,1000,1000,0,0,0,0,0,0,1217932.47,2264103.90,3233350.69,1291545.62,20005
1790804439,0,259623419,0,273302.88,19989.46,1025011.11,1402144.72,1918604.13,3580867.18,7385823.71,131328,145752063,1716263.51,1750053.02,259623419,1000,1000,1000,0,0,0,0,0,0,1210941.70,2510439.96,3909826.02,1340409.24,19990
1790804440,0,259643421,0,273036.48,20001.45,1024995.76,1402114.02,1918583.67,3580641.89,7385577.98,131328,145752063,1716230.76,1749998.01,259643421,1000,1000,1000,0,0,0,0,0,0,1219818.19,2248861.19,2928766.48,1291085.53,20002
1790804441,0,259663424,0,272770.65,20004.16,1024949.68,1402103.78,1918583.67,3580600.94,7385414.13,131328,145752063,1716198.06,1749942.81,259663424,1000,1000,1000,0,0,0,0,0,0,1246822.87,2113433.02,2745842.18,1291834.32,20003
1790804442,0,259683423,0,272505.50,19998.80,1024934.32,1402103.78,1918563.19,3580519.02,7385004.54,131328,145752063,1716166.91,1749887.67,259683423,1000,1000,1000,0,0,0,0,0,0,1249115.87,2251385.86,2837183.04,1311623.76,19999
1790804443,0,259703418,0,272240.66,19994.23,1024924.07,1402093.53,1918491.49,3580457.57,7384717.80,131328,145752063,1716133.16,1749831.89,259703418,1000,1000,1000,0,0,0,0,0,0,1232720.16,2074271.27,2641696.22,1277834.90,19995
1790804444,0,259723418,0,271976.64,20000.03,1024913.84,1402083.30,1918491.51,3580355.17,7384513.01,131328,145752063,1716103.72,1749776.06,259723418,1000,1000,1000,0,0,0,0,0,0,1282119.81,2246302.85,2755680.43,1333910.80,20000
1790804445,0,259743423,0,271712.94,20006.25,1024893.36,1402083.30,1918471.03,3580273.25,7384349.18,131328,145752063,1716074.52,1749719.61,259743423,1000,1000,1000,0,0,0,0,0,0,1295567.59,2225097.71,2682873.98,1336908.10,20005
1790804446,0,259763424,0,271450.02,20000.59,1024872.88,1402083.30,1918450.55,3580211.82,7384103.41,131328,145752063,1716046.15,1749664.62,259763424,1000,1000,1000,0,0,0,0,0,0,1293016.33,2334983.90,3050158.58,1347563.07,20001
1790804447,0,259783429,0,271187.53,20004.42,1024872.88,1402057.69,1918430.06,3580109.42,7383775.72,131328,145752063,1716018.19,1749608.92,259783429,1000,1000,1000,0,0,0,0,0,0,1307675.41,2256732.22,2777436.10,1352992.90,20005
1790804448,0,259803423,0,270925.58,19993.20,1024878.00,1402037.22,1918399.35,3580007.02,7383652.85,131328,145752063,1715988.84,1749553.10,259803423,1000,1000,1000,0,0,0,0,0,0,1286906.16,2211409.41,2729874.01,1334611.58,19994
1790804449,0,260296886,0,271157.08,493475.41,1025535.89,1403331.21,1921305.72,3594865.97,7518897.02,131328,145752063,1722175.40,1770592.68,260296886,1000,1000,1000,0,0,0,0,0,0,2710090.36,18817342.14,28432641.79,4979341.80,493463
1790804450,0,263599608,0,274311.69,3302938.50,1029866.58,1411568.35,1939357.90,3679157.88,7912212.99,131328,145752063,1748528.64,1835862.45,263599608,1000,1000,1000,0,0,0,0,0,0,2536328.29,11369853.97,21839067.59,3825501.95,3302722
1790804451,0,267600021,0,278185.21,4000432.58,1035185.64,1421592.21,1959689.68,3759771.08,8077867.78,131328,145752063,1768409.90,1849981.09,267600021,1000,1000,1000,0,0,0,0,0,0,2413584.02,7529007.68,11830789.48,3078447.66,4000413
1790804452,0,271599881,0,282050.05,3999819.15,1040510.77,1431586.65,1980453.07,3835494.68,8221601.83,131328,145752063,1787923.54,1865593.06,271599881,1000,1000,1000,0,0,0,0,0,0,2420183.03,7210850.67,13953277.32,3093431.71,3999860
1790804453,0,275600959,0,285908.17,4001167.60,1045824.74,1441702.03,2001018.40,3898491.64,8286982.91,131328,145752063,1805500.35,1877519.78,275600959,1000,1000,1000,0,0,0,0,0,0,2405849.01,6589292.15,13502244.07,2998643.90,4001078
1790804454,0,279600990,0,289757.21,4000122.80,1051047.56,1451552.80,2021942.05,3971342.02,8432976.76,131328,145752063,1824444.85,1894819.10,279600990,1000,1000,1000,0,0,0,0,0,0,2430810.43,7342258.17,14116036.00,3129715.50,4000031
1790804455,0,283600242,0,293597.50,3999076.09,1056171.56,1461350.05,2042034.96,4039246.07,8584139.83,131328,145752063,1843288.83,1916705.35,283600242,1000,1000,1000,0,0,0,0,0,0,2410447.41,7398977.22,15852608.20,3160733.97,3999252
1790804456,0,287601285,0,297431.61,4000845.19,1061362.94,1471118.68,2062162.90,4107815.84,8756175.00,131328,145752063,1862082.88,1935291.02,287601285,1000,1000,1000,0,0,0,0,0,0,2449920.29,8133942.59,14876835.42,3194234.99,4001043
1790804457,0,291601687,0,301257.28,4000530.81,1066322.38,1480617.61,2080772.59,4162443.82,8873472.87,131328,145752063,1878315.95,1951778.64,291601687,1000,1000,1000,0,0,0,0,0,0,2370717.50,6912378.79,14993075.29,3045361.63,4000402
1790804458,0,295597687,0,305070.38,3996034.16,1071458.43,1490275.69,2100365.96,4225105.86,8972108.12,131328,145752063,1894623.25,1963060.10,295597687,1000,1000,1000,0,0,0,0,0,0,2438805.79,7092316.16,12304346.10,3084621.79,3996000
1790804459,0,299597693,0,308879.90,4000069.04,1076408.68,1499744.51,2119082.95,4283843.50,9065917.85,131328,145752063,1910104.88,1972395.29,299597693,1000,1000,1000,0,0,0,0,0,0,2423960.64,7088666.17,12702929.75,3054187.10,4000006
1790804460,0,303599287,0,312683,4001598.51,1081441.95,1509329.50,2137002.38,4337732.73,9184350.45,131328,145752063,1925567.99,1983361.48,303599287,1000,1000,1000,0,0,0,0,0,0,2392819.20,7325858.89,13934638.57,3083284.43,4001594
1790804461,0,307596547,0,316473.94,3997038.44,1086425.59,1518879.06,2155230.04,4391995.22,9294631.29,131328,145752063,1941179.80,1996910.81,307596547,1000,1000,1000,0,0,0,0,0,0,2458412.70,7183090.09,15485145.55,3126925.34,3997260
1790804462,0,311599096,0,320262.56,4002761.66,1091237.28,1528037.86,2171828.23,4436448.15,9393425.02,131328,145752063,1955367.53,2011748.16,311599096,1000,1000,1000,0,0,0,0,0,0,2356538.06,7296499.83,15412116.78,3045697.63,4002549
1790804463,0,315598947,0,324040.53,3999743.62,1096051.12,1537165.89,2188467.03,4485678.91,9475576.67,131328,145752063,1969575.54,2023412.68,315598947,1000,1000,1000,0,0,0,0,0,0,2405383.97,7466828.81,13526438.08,3076417.16,3999851
1790804464,0,319599705,0,327811.73,4000631.34,1100875.04,1546085.67,2204293.85,4536910.44,9622477.92,131328,145752063,1985652.72,2048047.78,319599705,1000,1000,1000,0,0,0,0,0,0,2353356.83,8452792.48,18561382.31,3253897.34,4000758
1790804465,0,323596721,0,331571.35,3997287.72,1105681.88,1554961.56,2221008.00,4596689.94,9778511.19,131328,145752063,2002613.34,2072754.17,323596721,1000,1000,1000,0,0,0,0,0,0,2460528.22,8368471.65,18480340.12,3358777.51,3997016
1790804466,0,327598519,0,335328.16,4001728.44,1110440.67,1563863.72,2237397.92,4653455.74,9896692.72,131328,145752063,2018289.96,2091100.22,327598519,1000,1000,1000,0,0,0,0,0,0,2440927.60,8222214.61,17032026.09,3285946.22,4001798
1790804467,0,331599565,0,339076.53,4001073.87,1115200.19,1572861.42,2254010.56,4708159.77,10004182.20,131328,145752063,2033741.07,2108436.82,331599565,1000,1000,1000,0,0,0,0,0,0,2478985.55,7981805.39,17387018.69,3298850.33,4001046
1790804468,0,335602098,0,342818.79,4002506.66,1120043.80,1581719.00,2269907.43,4757187.35,10040480.56,131328,145752063,2046237.15,2111530.81,335602098,1000,1000,1000,0,0,0,0,0,0,2457307.83,6996898.41,11288201.35,3081505.34,4002533
1790804469,0,339601300,0,346550.08,3999249.17,1124665.22,1590388.32,2284652.70,4802924.17,10102021.24,131328,145752063,2058444.04,2117162.91,339601300,1000,1000,1000,0,0,0,0,0,0,2413467.12,7352506.59,13469845.21,3082812.62,3999202
1790804470,0,343600732,0,350273.86,3999371.98,1129211.60,1598671.10,2297711.79,4846237.94,10245065.99,131328,145752063,2071427.01,2130161.02,343600732,1000,1000,1000,0,0,0,0,0,0,2356269.24,8250418.01,15718749.19,3173842.37,3999432
1790804471,0,347601942,0,353991.94,4001270.19,1133655.64,1606657.65,2309975.76,4875410.81,10324558.52,131328,145752063,2081988.05,2138961.89,347601942,1000,1000,1000,0,0,0,0,0,0,2300237.91,7143210.01,14715631.22,2988908.49,4001210
1790804472,0,351602902,0,357702.19,4001095.45,1137440.93,1612600.96,2317222.70,4883059.33,10332909.02,131328,145752063,2087231.08,2137027.35,351602902,1000,1000,1000,0,0,0,0,0,0,2097877.16,5578053.84,10726918.95,2542743.96,4000960
1790804473,0,355602241,0,361403.15,3998996.46,1141314.22,1617992.00,2323159.08,4887958.31,10369828.94,131328,145752063,2091915.01,2135807.91,355602241,1000,1000,1000,0,0,0,0,0,0,2030609.31,5361896.10,11679634.10,2503703.66,3999339
1790804474,0,359599273,0,365094.44,3997341.73,1145818.43,1626151.90,2336410.71,4927402.43,10478194.37,131328,145752063,2105224.57,2156173.46,359599273,1000,1000,1000,0,0,0,0,0,0,2415116.38,8417239.91,18515729.45,3289330.88,3997032
1790804475,0,363599011,0,368780.82,3999495.81,1150292.77,1633973.87,2350313.41,4968705.68,10535507.23,131328,145752063,2116872.65,2163505.65,363599011,1000,1000,1000,0,0,0,0,0,0,2455165.24,7259241.31,14548244.99,3164101.26,3999738
1790804476,0,367599810,0,372460.88,4000887.61,1154887.43,1642137.77,2363399.99,5006948.26,10618258.96,131328,145752063,2128940.04,2173375.64,367599810,1000,1000,1000,0,0,0,0,0,0,2447953.05,7904519.27,15340033.68,3225643.77,4000799
1790804477,0,371599333,0,376132.24,3999617.65,1159283.34,1650174.33,2376412.07,5039569.93,10715279.11,131328,145752063,2140234.86,2181962.99,371599333,1000,1000,1000,0,0,0,0,0,0,2438841.21,7796137.56,15910833.08,3178351.62,3999523
1790804478,0,375594713,0,379791.91,3995153.88,1163666.66,1657944.99,2388509.05,5061077.69,10778398.36,131328,145752063,2150253.66,2189956.84,375594713,1000,1000,1000,0,0,0,0,0,0,2415716.84,7261640.11,16001591.13,3082074.74,3995380
1790804479,0,379600640,0,383454.84,4006133.12,1168000.59,1665537.36,2400394.61,5088497.63,10830092.81,131328,145752063,2160232.53,2195834.69,379600640,1000,1000,1000,0,0,0,0,0,0,2418571.10,7162823.84,14297601.66,3095849.44,4005927
1790804480,0,383599653,0,387103.43,3998887.87,1172319.67,1673039.95,2412184.50,5118900.70,10910269.72,131328,145752063,2170929.35,2206420.90,383599653,1000,1000,1000,0,0,0,0,0,0,2420675.39,7357989.05,16251145.13,3186309.64,3999013
1790804481,0,387599651,0,390745.67,4000121.09,1176616.29,1680362.18,2424561.65,5153748.65,10995352.92,131328,145752063,2181943.30,2216031.87,387599651,1000,1000,1000,0,0,0,0,0,0,2464105.25,8063522.58,15427931.34,3238180.32,3999998
1790804482,0,391600295,0,394381.15,4000343.52,1180779.41,1687684.64,2436274.15,5180842.73,10983116.99,131328,145752063,2190237.24,2214965.89,391600295,1000,1000,1000,0,0,0,0,0,0,2439706.60,6876189.75,10468484.62,2993789.77,4000644
1790804483,0,395601114,0,398009.62,4001160.86,1184771.75,1694573.73,2445650.80,5202180.21,11058495.90,131328,145752063,2199080.62,2221496.43,395601114,1000,1000,1000,0,0,0,0,0,0,2335215.73,7420678.80,14855107.66,3064671.81,4000819
1790804484,0,399601485,0,401630.26,4000241.51,1189134.61,1701987.51,2456381.60,5227910.12,11102740.18,131328,145752063,2208613.55,2227283.64,399601485,1000,1000,1000,0,0,0,0,0,0,2430706.32,7612823.06,14770570.24,3151335.45,4000371
1790804485,0,403600421,0,405242.19,3998870.33,1193425.76,1709392.17,2467349.65,5248728.64,11188947.62,131328,145752063,2218058.88,2236920.68,403600421,1000,1000,1000,0,0,0,0,0,0,2443022.24,7095117.44,17525276.88,3161901.35,3998936
1790804486,0,407602854,0,408850.37,4002493.38,1197670.12,1716662.27,2477135.77,5264232.32,11223144.80,131328,145752063,2225489.57,2238411.07,407602854,1000,1000,1000,0,0,0,0,0,0,2399674.70,6849805.87,12829482.06,2974791.08,4002433
1790804487,0,411602681,0,412448.76,3999731.10,1201960.25,1723880.74,2485943.06,5270976.34,11254940.31,131328,145752063,2231841.94,2238943.89,411602681,1000,1000,1000,0,0,0,0,0,0,2368611.84,6475567.40,12593772.23,2879181.72,3999827
1790804488,0,415597344,0,416034.79,3994734.59,1206394.66,1731398.34,2497310.23,5301907.68,11423887.80,131328,145752063,2244178.27,2258620.50,415597344,1000,1000,1000,0,0,0,0,0,0,2513631.22,10438154.52,20266776.14,3515290.67,3994663
1790804489,0,419601825,0,419623.33,4004495.55,1210736.85,1738956.05,2508903.38,5332044.52,11551202.62,131328,145752063,2254961.79,2269090.54,419601825,1000,1000,1000,0,0,0,0,0,0,2539621.24,8735292.49,16941072.45,3374108.18,4004481
1790804490,0,423602334,0,423200.87,4000502.73,1215011.78,1746275.91,2519575.90,5363262.39,11638772.10,131328,145752063,2264756.83,2275939.25,423602334,1000,1000,1000,0,0,0,0,0,0,2513503.11,8529578.71,14705733.36,3292130.21,4000509
1790804491,0,427600927,0,426769.27,3998525.09,1219148.71,1752859.73,2526763.08,5371931.05,11656473.64,131328,145752063,2270706.52,2278017.66,427600927,1000,1000,1000,0,0,0,0,0,0,2336284.71,6601962.40,13134244.43,2901003.87,3998593
1790804492,0,431601976,0,430333.11,4001168.34,1223336.57,1759781.14,2535640.14,5399526.15,11761867.37,131328,145752063,2280800.73,2294324.62,431601976,1000,1000,1000,0,0,0,0,0,0,2428472.45,8976569.08,19536272.19,3359591.22,4001049
1790804493,0,435603085,0,433889.82,4000973.93,1227498.72,1766466.23,2543726.69,5416931.00,11869544.55,131328,145752063,2289498.13,2307146.39,435603085,1000,1000,1000,0,0,0,0,0,0,2407361.20,8055576.25,19093195.18,3227691.67,4001109
1790804494,0,439602294,0,437437.51,3999105.64,1231538.40,1772476.42,2550474.63,5420960.45,11865532.34,131328,145752063,2294024.44,2304368.14,439602294,1000,1000,1000,0,0,0,0,0,0,2344464.89,5889919.38,10940472.17,2787041.54,3999209
1790804495,0,443597989,0,440974.83,3995956.71,1235583.08,1778547.63,2557168.25,5428530.34,11888276.64,131328,145752063,2299529.50,2304891.68,443597989,1000,1000,1000,0,0,0,0,0,0,2357892.51,6510441.82,13529305.86,2905189.83,3995695
1790804496,0,447600944,0,444512.21,4002753.09,1239699.34,1785018.54,2565184.60,5436444.60,11904160.21,131328,145752063,2305055.23,2303706.89,447600944,1000,1000,1000,0,0,0,0,0,0,2419514.20,6337826.12,12631663.50,2917403.48,4002955
1790804497,0,451601996,0,448040.69,4001110.44,1243733.09,1791213.05,2572382.18,5446605.47,11949882.10,131328,145752063,2311579.17,2310561.95,451601996,1000,1000,1000,0,0,0,0,0,0,2398935.98,6576972.60,16730762.65,3041417.91,4001052
1790804498,0,455602385,0,451561.61,4000522.45,1247655.50,1797019.25,2578730.36,5459224.75,12020828.22,131328,145752063,2317803.15,2314848.06,455602385,1000,1000,1000,0,0,0,0,0,0,2362303.83,6916753.15,16568140.86,3020425.71,4000389
1790804499,0,459442893,0,454912.44,3804766.34,1251582.17,1802983.98,2586292.03,5490743.55,12307309.22,131328,277872639,2364570.14,2981727.69,459442893,1000,1000,1000,0,0,0,0,0,0,2458811.06,36748371.95,54653942.35,7912573.77,3840508
1790804500,0,463601240,0,458580.44,4209349.58,1255730.04,1809500.54,2595991.89,5553687.42,12932727.15,131328,283377663,2466861.74,4654654.71,463601240,1000,1000,1000,0,0,0,0,0,0,2572313.87,76383749.04,122374577.11,13768744.15,4158347
1790804501,0,467600705,0,462079.53,3999500.11,1259620.91,1815151.46,2601200.56,5557171.23,12903601.90,131328,283377663,2469469.62,4638693.79,467600705,1000,1000,1000,0,0,0,0,0,0,2343520.10,5992020.78,11107607.94,2771763.30,3999465
1790804502,0,471602729,0,465574.23,4002166.65,1263536.66,1820842.86,2607311.58,5565577.13,12932552.20,131328,283377663,2473438.25,4624486.01,471602729,1000,1000,1000,0,0,0,0,0,0,2387684.77,6744144.01,14456487.53,2937137.46,4002024
1790804503,0,475601147,0,469058.51,3998416.13,1267335.63,1826361.09,2613565.39,5579906.47,12992980.10,131328,283377663,2478970.49,4614651.79,475601147,1000,1000,1000,0,0,0,0,0,0,2398791.36,8086303.01,17937324.28,3131483.94,3998418
1790804504,0,479602132,0,472538.40,4001060.27,1271175.70,1831838.82,2619831.43,5591493.30,13033336.51,131328,283377663,2483920.22,4604109.93,479602132,1000,1000,1000,0,0,0,0,0,0,2402597.11,7247193.77,16310617.87,3072298.94,4000985
1790804505,0,483601616,0,476010.01,3999101.10,1274947.95,1836649.77,2624192.28,5600744.28,13102488.10,131328,283377663,2488206.72,4592676.60,483601616,1000,1000,1000,0,0,0,0,0,0,2301969.87,7524422.79,15377085.07,3002226.84,3999484
1790804506,0,487595698,0,479469.39,3994388.84,1278579.12,1841413.02,2628414.66,5608170.68,13117669.74,131328,283377663,2491574.18,4580145.33,487595698,1000,1000,1000,0,0,0,0,0,0,2312465.16,6608189.62,14798113.34,2899305.35,3994082
1790804507,0,491600073,0,482932.21,4004533.64,1282331.44,1846437.95,2633510.05,5618324.95,13158893.12,131328,283377663,2496062.26,4570931.97,491600073,1000,1000,1000,0,0,0,0,0,0,2356429.56,7087364.22,17905861.12,3042556.50,4004375
1790804508,0,495599722,0,486383.53,3999449.62,1285909.52,1851289.62,2638567.00,5623910.62,13142977.88,131328,283377663,2498880.13,4556510.04,495599722,1000,1000,1000,0,0,0,0,0,0,2353085.34,6217513.20,12145585.02,2845226.51,3999649
1790804509,0,499126435,0,489364.66,3526559.41,1289061.57,1855475.32,2642670.37,5628763.37,13137245.48,131328,283377663,2501452.00,4544048.61,499126435,1000,1000,1000,0,0,0,0,0,0,2349205.69,6141115.23,12593872.81,2862870.20,3526713
1790804510,0,499822246,0,489567.01,695807.46,1289660.42,1856377.51,2643834.11,5630523.31,13144391.08,131328,283377663,2502124.50,4541891.46,499822246,1000,1000,1000,0,0,0,0,0,0,2428375.43,6870186.41,11551380.47,2984528.60,695811
1790804511,0,499842242,0,489107.46,19997.27,1289639.94,1856316.07,2643772.68,5630482.35,13144063.39,131328,283377663,2502075.89,4541809.87,499842242,1000,1000,1000,0,0,0,0,0,0,1230282.56,2226380.05,2836913.26,1286983.88,19996
1790804512,0,499862242,0,488648.86,19998.27,1289598.98,1856305.84,2643772.68,5630482.35,13143981.46,131328,283377663,2502026.14,4541728.37,499862242,1000,1000,1000,0,0,0,0,0,0,1208463.64,2074287.84,2820611.51,1258672.42,20000
1790804513,0,499882244,0,488191.31,20003.65,1289537.54,1856254.64,2643752.20,5630441.39,13143408.03,131328,283377663,2501972.78,4541647.78,499882244,1000,1000,1000,0,0,0,0,0,0,1121620.52,1932912.55,2404021.36,1168423.32,20002
1790804514,0,499902248,0,487734.48,20002.33,1289496.58,1856213.67,2643711.24,5630318.51,13142916.51,131328,283377663,2501923.16,4541566.03,499902248,1000,1000,1000,0,0,0,0,0,0,1215463.91,2108294.24,2572291.30,1261922.92,20004
1790804515,0,499922242,0,487278.55,19993.86,1289455.62,1856172.72,2643711.24,5630236.59,13142506.93,131328,283377663,2501873.26,4541484.43,499922242,1000,1000,1000,0,0,0,0,0,0,1214848.45,2048058.67,2539190.81,1254324.57,19994
1790804516,0,499942238,0,486823.50,19997.06,1289445.38,1856141.99,2643690.76,5630113.71,13142015.40,131328,283377663,2501823.62,4541402.88,499942238,1000,1000,1000,0,0,0,0,0,0,1207948.55,2114101.33,2779108.27,1260730.91,19996
1790804517,0,499962246,0,486369.35,20007.56,1289430.02,1856101.04,2643690.76,5630072.75,13141769.62,131328,283377663,2501773.57,4541321.32,499962246,1000,1000,1000,0,0,0,0,0,0,1201704.15,2124370.88,2571974.86,1251261.78,20008
1790804518,0,499982246,0,485916.12,19999.97,1289399.30,1856039.59,2643690.75,5629990.83,13141605.78,131328,283377663,2501722.30,4541240.52,499982246,1000,1000,1000,0,0,0,0,0,0,1146003.97,2122902.09,2887183.49,1220078.69,20000
1790804519,0,500002239,0,485463.75,19993.20,1289378.82,1855947.44,2643639.56,5629827.00,13141441.95,131328,283377663,2501672.87,4541159.70,500002239,1000,1000,1000,0,0,0,0,0,0,1200307.85,2088109.40,3300126.72,1265517.38,19993
1790804520,0,500022246,0,485012.28,20007.12,1289368.58,1855926.96,2643598.60,5629704.11,13140868.51,131328,283377663,2501618.22,4541079.79,500022246,1000,1000,1000,0,0,0,0,0,0,1070757.73,1982309.40,2623875.06,1135917.40,20007
1790804521,0,500042253,0,484561.60,20006.39,1289312.26,1855896.24,2643506.44,5629540.27,13140868.51,131328,283377663,2501557.30,4541001.59,500042253,1000,1000,1000,0,0,0,0,0,0,944649.47,1582672.20,2177596.44,978894.33,20007
1790804522,0,500062242,0,484111.88,19990.12,1289281.54,1855865.51,2643465.47,5629417.39,13140622.76,131328,283377663,2501506.02,4540920.67,500062242,1000,1000,1000,0,0,0,0,0,0,1153858.99,2115158.68,2691783.69,1218755.07,19989
1790804523,0,500082243,0,483663.05,20000.97,1289261.06,1855855.28,2643424.52,5629212.59,13140213.15,131328,283377663,2501453.79,4540839.68,500082243,1000,1000,1000,0,0,0,0,0,0,1154304.68,1961504.00,2415688.16,1195655.17,20001
1790804524,0,500102246,0,483215.07,20002.86,1289209.86,1855834.80,2643332.36,5629048.75,13140131.22,131328,283377663,2501400.15,4540759.10,500102246,1000,1000,1000,0,0,0,0,0,0,1117347.58,1912584.76,2340711.88,1160205.37,20003
1790804525,0,500122250,0,482767.90,20003.48,1289148.42,1855793.84,2643311.87,5629007.79,13139967.38,131328,283377663,2501344.43,4540679.17,500122250,1000,1000,1000,0,0,0,0,0,0,1065828.61,1837856.84,2325209.48,1108407.99,20004
1790804526,0,500142242,0,482321.58,19991.68,1289138.18,1855783.60,2643260.68,5628843.95,13139639.71,131328,283377663,2501293.15,4540598.31,500142242,1000,1000,1000,0,0,0,0,0,0,1158820.44,2064580.71,2743227.39,1218599.36,19992
1790804527,0,500162244,0,481876.20,20002.20,1289097.22,1855752.88,2643178.75,5628680.11,13139393.96,131328,283377663,2501243.51,4540516.76,500162244,1000,1000,1000,0,0,0,0,0,0,1215515.13,2083514.17,2500915.40,1259940.50,20002
1790804528,0,500182240,0,481431.61,19995.92,1289056.26,1855722.16,2643117.32,5628598.20,13139230.12,131328,283377663,2501192.41,4540435.67,500182240,1000,1000,1000,0,0,0,0,0,0,1164464.03,2150778.88,2694451.70,1223090.19,19996
1790804529,0,500202250,0,480987.89,20010.30,1289046.02,1855681.20,2642973.95,5628434.35,13139066.26,131328,283377663,2501141.66,4540354.49,500202250,1000,1000,1000,0,0,0,0,0,0,1171855.36,2068517.02,2668654.30,1232448.11,20010
1790804530,0,500222243,0,480545.06,19992.08,1289015.30,1855619.76,2642933.00,5628393.39,13138820.50,131328,283377663,2501089.09,4540273.64,500222243,1000,1000,1000,0,0,0,0,0,0,1153821.33,1857309.69,2422809.02,1185796.48,19993
1790804531,0,500242243,0,480103.08,20000.25,1289015.30,1855548.08,2642871.56,5628352.43,13138574.74,131328,283377663,2501039.61,4540192.61,500242243,1000,1000,1000,0,0,0,0,0,0,1183153.94,2180989.87,3339516.85,1263443.77,20000
1790804532,0,500262242,0,479661.89,19999.48,1289005.06,1855517.36,2642707.72,5628188.59,13138165.14,131328,283377663,2500988.66,4540111.37,500262242,1000,1000,1000,0,0,0,0,0,0,1178831.04,2071057.56,2483304.02,1226640.12,19999
1790804533,0,500282245,0,479221.63,20003.67,1288912.90,1855517.36,2642666.76,5628106.67,13137919.37,131328,283377663,2500944.90,4540031.99,500282245,1000,1000,1000,0,0,0,0,0,0,1239092.11,2966382.59,4894043.26,1406624.92,20003
1790804534,0,500302249,0,478782.11,20002.89,1288877.06,1855496.88,2642636.03,5627983.78,13137509.78,131328,283377663,2500893.74,4539950.82,500302249,1000,1000,1000,0,0,0,0,0,0,1173496.47,2035554.21,2700072.31,1221455.48,20004
1790804535,0,500322246,0,478343.57,19998.20,1288846.34,1855435.44,2642584.83,5627778.98,13137345.96,131328,283377663,2500842.66,4539869.81,500322246,1000,1000,1000,0,0,0,0,0,0,1165313.41,2081494.97,2713995.96,1222689.43,19997
1790804536,0,500342243,0,477905.67,19995.28,1288815.62,1855384.24,2642543.88,5627778.99,13137018.27,131328,283377663,2500791.99,4539788.80,500342243,1000,1000,1000,0,0,0,0,0,0,1165992.96,2130827.94,2861696.02,1233165.81,19997
1790804537,0,500362252,0,477468.70,20009.75,1288784.90,1855374.00,2642543.87,5627615.14,13136690.58,131328,283377663,2500739.19,4539708.55,500362252,1000,1000,1000,0,0,0,0,0,0,1088814.25,2193678.39,2952530.05,1180270.53,20009
1790804538,0,500382245,0,477032.60,19993.20,1288743.94,1855322.80,2642502.91,5627451.30,13136280.99,131328,283377663,2500685.57,4539628.43,500382245,1000,1000,1000,0,0,0,0,0,0,1093912.80,1942668.77,2664519.83,1158878.78,19993
1790804539,0,500402239,0,476597.35,19994.34,1288702.98,1855220.40,2642461.95,5627328.41,13136117.15,131328,283377663,2500635.21,4539547.25,500402239,1000,1000,1000,0,0,0,0,0,0,1183400.98,2085126.04,2661999.62,1240215.92,19994
1790804540,0,500422242,0,476162.86,20001.81,1288641.54,1855189.68,2642441.48,5627205.54,13136117.16,131328,283377663,2500584.47,4539466.03,500422242,1000,1000,1000,0,0,0,0,0,0,1179062.84,2063504.90,2640944.40,1231404.00,20003
1790804541,0,500442244,0,475729.24,20003.22,1288590.34,1855107.76,2642420.99,5627164.58,13135953.32,131328,283377663,2500532.10,4539385.13,500442244,1000,1000,1000,0,0,0,0,0,0,1136979.55,2021787.68,2511649.38,1190248.70,20002
1790804542,0,500462256,0,475296.40,20010.48,1288544.26,1855056.55,2642339.06,5627082.65,13135789.46,131328,283377663,2500472.05,4539306.94,500462256,1000,1000,1000,0,0,0,0,0,0,951388.18,1676183.23,2334311.18,998764.72,20012
1790804543,0,500482245,0,474864.47,19990.81,1288534.02,1855005.36,2642298.11,5627000.73,13135297.94,131328,283377663,2500420.42,4539226.33,500482245,1000,1000,1000,0,0,0,0,0,0,1141654.55,2050241.26,2855086.71,1207659.08,19989
1790804544,0,500502249,0,474433.22,20002.72,1288493.06,1854964.40,2642257.15,5626836.91,13134970.26,131328,283377663,2500369.08,4539145.32,500502249,1000,1000,1000,0,0,0,0,0,0,1159329.27,2077910.82,2595286.05,1216085.84,20004
1790804545,0,500522245,0,474002.95,19996.93,1288487.95,1854964.40,2642195.72,5626795.95,13134560.70,131328,283377663,2500319.61,4539066.16,500522245,1000,1000,1000,0,0,0,0,0,0,1119557.77,2324751.95,4284397.38,1262100.98,19996
1790804546,0,500542249,0,473573.33,20003.11,1288446.98,1854954.15,2642195.71,5626673.06,13134314.92,131328,283377663,2500270.53,4538984.98,500542249,1000,1000,1000,0,0,0,0,0,0,1182567.27,2300047.10,3045330.87,1272105.43,20004
1790804547,0,500562246,0,473144.64,19997.90,1288406.02,1854954.16,2642134.27,5626509.23,13134069.15,131328,283377663,2500219.20,4538904.38,500562246,1000,1000,1000,0,0,0,0,0,0,1156948.20,2020308.29,2811798.79,1215508.33,19997
1790804548,0,500582253,0,472716.77,20006.74,1288365.06,1854943.91,2642113.78,5626427.30,13133823.39,131328,283377663,2500169.38,4538823.08,500582253,1000,1000,1000,0,0,0,0,0,0,1197952.04,2142151.37,2746682.49,1253719.49,20007
1790804549,0,500602243,0,472289.58,19990.04,1288318.98,1854913.20,2642093.32,5626345.39,13133659.55,131328,283377663,2500117.38,4538742.21,500602243,1000,1000,1000,0,0,0,0,0,0,1167260.75,1888658.45,2380071.29,1197762.32,19990
1790804550,0,500622241,0,471863.31,19998.48,1288298.50,1854913.20,2642031.87,5626304.43,13133249.95,131328,283377663,2500067.91,4538660.85,500622241,1000,1000,1000,0,0,0,0,0,0,1211453.62,2145994.03,2816705.73,1261851.39,19998
1790804551,0,500642239,0,471437.81,19997.63,1288267.78,1854862.00,2642031.87,5626263.47,13133004.20,131328,283377663,2500018.75,4538579.48,500642239,1000,1000,1000,0,0,0,0,0,0,1200861.44,2250729.90,2844551.18,1269217.54,19998
1790804552,0,500662243,0,471013.09,20003.07,1288237.06,1854831.28,2642031.87,5626058.67,13132594.59,131328,283377663,2499967.23,4538498.85,500662243,1000,1000,1000,0,0,0,0,0,0,1134876.43,2121537.91,2665841.72,1210760.55,20004
1790804553,0,500682249,0,470589.23,20006.32,1288231.95,1854780.08,2642031.88,5626058.67,13132430.74,131328,283377663,2499913.99,4538418.51,500682249,1000,1000,1000,0,0,0,0,0,0,1101860.39,1998851.81,2726149.47,1167530.37,20006
1790804554,0,500702243,0,470166.01,19993.92,1288211.47,1854728.88,2642001.16,5626017.71,13132266.90,131328,283377663,2499861.51,4538338.53,500702243,1000,1000,1000,0,0,0,0,0,0,1093243.53,2216349.79,3208034.49,1185666.42,19994
1790804555,0,500722242,0,469743.78,19999.46,1288180.74,1854667.44,2641990.91,5625894.83,13132021.14,131328,283377663,2499809.69,4538258.42,500722242,1000,1000,1000,0,0,0,0,0,0,1136081.15,1928615.93,2936009.40,1202261.32,19999
1790804556,0,500742241,0,469322.23,19999.51,1288119.30,1854646.96,2641970.44,5625812.91,13131693.47,131328,283377663,2499758.89,4538177.48,500742241,1000,1000,1000,0,0,0,0,0,0,1166145.96,2077456.86,2827181.74,1228012.26,19999
1790804557,0,500762235,0,468901.48,19993.24,1288068.10,1854585.52,2641898.76,5625608.11,13131365.80,131328,283377663,2499708.37,4538096.36,500762235,1000,1000,1000,0,0,0,0,0,0,1182290.87,2065920.95,2674003.68,1234261.63,19994
1790804558,0,500782252,0,468481.55,20017.58,1288062.98,1854534.32,2641878.27,5625567.14,13131365.78,131328,283377663,2499668.74,4538041.90,500782252,1000,1000,1000,0,0,0,0,0,0,1125171.83,2580016.39,10109189.43,1508434.28,20017
1790804559,0,500802249,0,468062.39,19997.41,1288022.02,1854452.40,2641816.83,5625485.23,13131201.95,131328,283377663,2499616.14,4537961.26,500802249,1000,1000,1000,0,0,0,0,0,0,1131499.03,1952750.77,2437783.47,1182281.29,19997
1790804560,0,500822235,0,467644.02,19984.62,1288011.78,1854442.16,2641806.59,5625321.39,13130710.45,131328,283377663,2499564.92,4537880.42,500822235,1000,1000,1000,0,0,0,0,0,0,1163060.72,2013247.51,2756983.02,1216114.84,19986
1790804561,0,500842242,0,467226.45,20007.75,1287970.83,1854390.96,2641775.88,5625116.59,13130546.60,131328,283377663,2499513.07,4537799.44,500842242,1000,1000,1000,0,0,0,0,0,0,1163565.28,1951972.71,2269574.03,1201489.55,20007
1790804562,0,500862245,0,466809.57,20003.83,1287960.59,1854360.25,2641714.44,5625034.67,13130218.91,131328,283377663,2499461.71,4537718.63,500862245,1000,1000,1000,0,0,0,0,0,0,1164625.18,1966391.79,2638373.83,1213634.22,20003
1790804563,0,500882254,0,466393.58,20008.41,1287919.62,1854319.28,2641652.99,5624911.78,13130136.99,131328,283377663,2499410.46,4537637.79,500882254,1000,1000,1000,0,0,0,0,0,0,1156603.42,2051321.56,2847005.18,1216395.55,20009
1790804564,0,500902241,0,465978.27,19987.09,1287909.38,1854257.84,2641622.27,5624788.90,13130055.09,131328,283377663,2499357.23,4537557.56,500902241,1000,1000,1000,0,0,0,0,0,0,1100938.56,2021060.07,2572461.19,1165618.17,19987
1790804565,0,500922237,0,465563.80,19996.16,1287888.91,1854257.84,2641622.28,5624747.94,13129727.40,131328,283377663,2499306.90,4537476.57,500922237,1000,1000,1000,0,0,0,0,0,0,1174006.96,2121225.24,2855243.97,1238310.67,19996
1790804566,0,500942241,0,465150.02,20002.97,1287847.94,1854247.60,2641601.79,5624584.10,13129317.80,131328,283377663,2499257.45,4537395.14,500942241,1000,1000,1000,0,0,0,0,0,0,1218052.94,2111227.98,2435876.11,1260974.44,20004
1790804567,0,500962239,0,464737.08,19998.56,1287786.51,1854247.60,2641550.60,5624461.23,13128826.29,131328,283377663,2499210.14,4537313.78,500962239,1000,1000,1000,0,0,0,0,0,0,1217830.61,2424100.51,3367561.51,1314308.23,19998
1790804568,0,500982243,0,464324.88,20004.65,1287755.79,1854206.64,2641519.88,5624338.34,13128662.43,131328,283377663,2499160.56,4537232.53,500982243,1000,1000,1000,0,0,0,0,0,0,1202573.56,2085469.50,2778490.21,1257343.26,20004
1790804569,0,501708096,0,464566.66,725798.36,1288460.78,1855801.91,2645359.66,5662108.18,13468490.75,131328,283377663,2525161.22,4704678.24,501708096,1000,1000,1000,0,0,0,0,0,0,4952548.05,95691958.89,131690501.73,20470767.97,725853
1790804570,0,506689335,0,468744.95,4981726.92,1293854.99,1866519.96,2669536.41,5832046.59,14727465.04,131328,283377663,2624889.56,5355593.09,506689335,1000,1000,1000,0,0,0,0,0,0,4038912.31,55138952.99,78711089.31,12669481.93,4981239
1790804571,0,512687656,0,473855.73,5998373.86,1300532.41,1879997.61,2698683.40,5948070.45,14899123.13,131328,283377663,2649413.80,5344337.58,512687656,1000,1000,1000,0,0,0,0,0,0,3515649.84,12105133.09,18750317.89,4721021.60,5998321
1790804572,0,518688254,0,478959.15,6000487.36,1307193.96,1893679.06,2728203.15,6049344.46,14948592.01,131328,283377663,2671337.23,5329409.47,518688254,1000,1000,1000,0,0,0,0,0,0,3556212.98,10307169.64,17302976.43,4544462.69,6000598
1790804573,0,524685406,0,484050,5997261.64,1313879.83,1907202.76,2757019.01,6142413.61,15218173.86,131328,283377663,2696347.90,5327895.22,524685406,1000,1000,1000,0,0,0,0,0,0,3489185.61,13023994.26,25538632.82,4859497.85,5997152
1790804574,0,530687659,0,489136.09,6002130.80,1320480.16,1920936.64,2787880.83,6266939.01,15555287.06,131328,283377663,2725702.74,5338961.69,530687659,1000,1000,1000,0,0,0,0,0,0,3649414.82,14304356.20,28470018.43,5291748.58,6002253
1790804575,0,536679520,0,494203.37,5992120.54,1327148.68,1934671.28,2820121.27,6418825.56,15926586.25,131328,283377663,2758395.16,5346881.32,536679520,1000,1000,1000,0,0,0,0,0,0,3937541.08,15772596.89,26277121.14,5653900.34,5991861
1790804576,0,542683005,0,499271.91,6003031.17,1333760.37,1948470.35,2852397.02,6579982.21,16393844.46,131328,283377663,2795141.86,5374025.93,542683005,1000,1000,1000,0,0,0,0,0,0,3924850.94,19234097.72,32419604.92,6080100.51,6003485
1790804577,0,548670027,0,504316,5987108.16,1340355.13,1962378.05,2883325.52,6708487.70,16776941.40,131328,283377663,2826215.12,5388181.96,548670027,1000,1000,1000,0,0,0,0,0,0,3762277.78,17019299.42,30018063.85,5642796.10,5987022
1790804578,0,554681239,0,509373.12,6011474.28,1346945.78,1976029.88,2912473.40,6832354.42,17223610.74,131328,283377663,2859211.68,5416836.48,554681239,1000,1000,1000,0,0,0,0,0,0,3645828.20,19834490.49,34388579.97,5870954.52,6011212
1790804579,0,560682741,0,514411.93,6001123.30,1353480.35,1989506.70,2942230.96,6960398.06,17624402.57,131328,283377663,2890149.09,5434586.94,560682741,1000,1000,1000,0,0,0,0,0,0,3765733.05,18023943.11,31281651.53,5749499.39,6001502
1790804580,0,566672103,0,519430.55,5989657.12,1359971.22,2003086.83,2972071.68,7105329.15,18038469.55,131328,283377663,2923064.06,5454430.60,566672103,1000,1000,1000,0,0,0,0,0,0,3821160.70,18711021.70,30585147.28,6004337.00,5989362
1790804581,0,572685109,0,524461.51,6012858.44,1366516.31,2016898.84,3002946.20,7256608.91,18565912.48,131328,283377663,2960270.78,5486774.04,572685109,1000,1000,1000,0,0,0,0,0,0,3948739.65,21029045.85,35483585.42,6466671.63,6013006
1790804582,0,578680482,0,529467.20,5995340.70,1373008.64,2030673.36,3034635.15,7398065.81,18889580.59,131328,283377663,2993165.52,5505742.00,578680482,1000,1000,1000,0,0,0,0,0,0,4001264.54,19414352.37,31618786.55,6135310.34,5995373
1790804583,0,584684059,0,534471.19,6003751.35,1379601.96,2044587.19,3064109.01,7525051.16,19294120.43,131328,283377663,3025442.72,5532410.87,584684059,1000,1000,1000,0,0,0,0,0,0,3793743.31,20082482.33,34056415.77,6136618.81,6003577
1790804584,0,590666821,0,539446.98,5982596.70,1386026.78,2058133.59,3093991.20,7659865.04,19805791.50,131328,283377663,3061618.06,5573545.15,590666821,1000,1000,1000,0,0,0,0,0,0,3945575.96,23004539.74,39091491.13,6596965.63,5982762
1790804585,0,596674533,0,544436.55,6008029.43,1392554.94,2071858.31,3123944.40,7783262.53,20284151.74,131328,283377663,3096420.86,5612300.93,596674533,1000,1000,1000,0,0,0,0,0,0,3915479.78,22566791.69,40683778.63,6518165.63,6007712
1790804586,0,602686836,0,549421.23,6012075.20,1398973.68,2085613.89,3151743.53,7890785.89,20606651.95,131328,283377663,3125210.14,5632919.68,602686836,1000,1000,1000,0,0,0,0,0,0,3819894.23,20075312.95,34136327.33,5982323.97,6012303
1790804587,0,608650728,0,554352.66,5963642.19,1405328.65,2099018.71,3178208.21,7973391.22,20828289.82,131328,283377663,3147525.99,5635828.36,608650728,1000,1000,1000,0,0,0,0,0,0,3725383.78,16310121.54,29820974.06,5402675.00,5963892
1790804588,0,614690357,0,559344.05,6039900.18,1411840.65,2112944.43,3206166.08,8094444.39,21077477.84,131328,283377663,3175609.50,5650359.02,614690357,1000,1000,1000,0,0,0,0,0,0,3888471.67,17738714.20,33032835.21,6005759.09,6039629
1790804589,0,620685648,0,564286,5994970.80,1418308.57,2126554.20,3230228.24,8185893.79,21167806.15,131328,283377663,3195909.63,5650584.46,620685648,1000,1000,1000,0,0,0,0,0,0,3618247.56,13919028.53,26901035.62,5277258.04,5995291
1790804590,0,626666534,0,569205.99,5981016.53,1424674.64,2139796.34,3252865.61,8238216.17,21202061.58,131328,283377663,3211283.10,5639985.06,626666534,1000,1000,1000,0,0,0,0,0,0,3562577.70,12202856.27,22484703.75,4806714.17,5980886
1790804591,0,632682067,0,574148.43,6015523.40,1431107.44,2153526.87,3278475.51,8349998.85,21503757.33,131328,283377663,3238420.06,5658169.76,632682067,1000,1000,1000,0,0,0,0,0,0,3837102.09,19335086.38,36116966.64,6065406.10,6015533
1790804592,0,638690454,0,579075.43,6008317.61,1437576.39,2167075.95,3303149.04,8462997.41,21745332.27,131328,283377663,3264755.69,5675752.69,638690454,1000,1000,1000,0,0,0,0,0,0,3850189.26,18667165.88,31927033.70,6037893.23,6008387
1790804593,0,644688098,0,583983.82,5997721.35,1443908.90,2179588.74,3317936.72,8503023.54,21705369.71,131328,283377663,3276032.60,5661473.19,644688098,1000,1000,1000,0,0,0,0,0,0,3230125.48,11905191.02,19744426.38,4476912.58,5997644
1790804594,0,650670056,0,588869.08,5982138.05,1450299.26,2192272.88,3336106.59,8561078.99,21696854.05,131328,283377663,3289511.37,5649232.39,650670056,1000,1000,1000,0,0,0,0,0,0,3460019.35,11785231.58,21462669.73,4742147.19,5981958
1790804595,0,656683165,0,593773.66,6013292.97,1456646.31,2205589.30,3360897.55,8649734.05,21961900.40,131328,283377663,3313664.29,5659660.23,656683165,1000,1000,1000,0,0,0,0,0,0,3860079.24,19025044.29,33050039.75,5927217.70,6013109
1790804596,0,662659662,0,598636.32,5976173.39,1462916.29,2218948.54,3382995.45,8720681.11,22026997.00,131328,283377663,3331810.23,5657142.97,662659662,1000,1000,1000,0,0,0,0,0,0,3728087.49,14434270.45,25126395.26,5325642.09,5976497
1790804597,0,668677110,0,603527.23,6017570.23,1469274.45,2232156.68,3405824.12,8810532.72,22283292.99,131328,283377663,3354268.09,5667203.43,668677110,1000,1000,1000,0,0,0,0,0,0,3754947.87,17667322.90,32381885.82,5827396.19,6017448
1790804598,0,674677246,0,608393.59,5999965.81,1475561.78,2245529.82,3430054.81,8901352.54,22480605.07,131328,283377663,3375938.15,5670050.70,674677246,1000,1000,1000,0,0,0,0,0,0,3940586.74,17632848.19,28357222.39,5790928.33,6000136
1790804599,0,680682027,0,613255.38,6004762.36,1481929.82,2259064.70,3455081.39,8993924.39,22712426.44,131328,283377663,3400073.37,5684601.42,680682027,1000,1000,1000,0,0,0,0,0,0,3993731.84,18492034.79,32811074.73,6111826.78,6004781
1790804600,0,686683018,0,618105.16,6000988.08,1488300.94,2272328.87,3478950.67,9052735.53,22696564.21,131328,283377663,3416775.79,5677531.56,686683018,1000,1000,1000,0,0,0,0,0,0,3922531.62,13303675.86,23423689.29,5311302.11,6000991
1790804601,0,692685839,0,622947.76,6002780.92,1494580.58,2286011.45,3502705.83,9121007.82,22764430.64,131328,283377663,3435153.81,5673877.85,692685839,1000,1000,1000,0,0,0,0,0,0,3946593.86,15019674.72,25899751.87,5537478.05,6002821
1790804602,0,698681815,0,627775.47,5996191.17,1500865.57,2298657.02,3524112.16,9174286.36,22903258.69,131328,283377663,3452757.68,5674609.91,698681815,1000,1000,1000,0,0,0,0,0,0,3777620.15,16293210.85,28086702.04,5486446.99,5995976
1790804603,0,704670820,0,632588.29,5988841.42,1507095.10,2311733.73,3545529.77,9250031.67,23068133.39,131328,283377663,3472891.39,5685054.41,704670820,1000,1000,1000,0,0,0,0,0,0,3843389.50,16353405.48,35385667.89,5821704.70,5989005
1790804604,0,710685003,0,637415.10,6014337.91,1513368.64,2324451.64,3564621.03,9313954.20,23244124.19,131328,283377663,3491023.06,5689072.39,710685003,1000,1000,1000,0,0,0,0,0,0,3714619.62,17045889.59,30461825.55,5615478.35,6014183
1790804605,0,716644385,0,642184.06,5958990.20,1519513.17,2337364.31,3585392.86,9403586.66,23588209.68,131328,283377663,3515168.33,5708575.01,716644385,1000,1000,1000,0,0,0,0,0,0,3907853.85,20551673.14,38081431.25,6394608.20,5959382
1790804606,0,722688840,0,647020.73,6044555.33,1525853.17,2350463.37,3607855.53,9518903.74,23841729.56,131328,283377663,3540768.72,5728468.82,722688840,1000,1000,1000,0,0,0,0,0,0,4047420.09,20699461.34,36077013.95,6576009.58,6044455
1790804607,0,728680056,0,651801.06,5991203.29,1532028.35,2362702.91,3627134.43,9595591.63,24046104.86,131328,283377663,3561194.48,5739515.99,728680056,1000,1000,1000,0,0,0,0,0,0,3839316.63,19226540.71,33087942.57,6025046.39,5991216
1790804608,0,734678876,0,656579.68,5998712.72,1538264.74,2375523.46,3648143.13,9693633.37,24241058.30,131328,283377663,3583532.36,5752984.16,734678876,1000,1000,1000,0,0,0,0,0,0,3989077.69,19022657.55,33284883.24,6296926.95,5998820
1790804609,0,740680516,0,661352.27,6001919.97,1544533.53,2388570.48,3672124.58,9818775.60,24630378.13,131328,283377663,3616914.47,5814689.63,740680516,1000,1000,1000,0,0,0,0,0,0,4376354.70,26679399.30,50064164.72,7703318.59,6001640
1790804610,0,746655666,0,666092.76,5975102.35,1550697.84,2401379.94,3694855.42,9926140.79,24815157.27,131328,283377663,3640790.92,5827013.00,746655666,1000,1000,1000,0,0,0,0,0,0,4264525.95,20205100.95,32795849.96,6600519.40,5975150
1790804611,0,752665673,0,670855.79,6010089.39,1556907.35,2414057.33,3718051.97,10072198.92,25391801.55,131328,283377663,3678964.63,5907009.16,752665673,1000,1000,1000,0,0,0,0,0,0,4255288.42,31645831.71,56077665.16,8421491.77,6010007
1790804612,0,758680583,0,675614.84,6015231.50,1563149.07,2426314.20,3736732.75,10160119.18,25666600.08,131328,283377663,3702411.34,5937798.86,758680583,1000,1000,1000,0,0,0,0,0,0,3858727.88,22924954.50,43481697.73,6636375.78,6014910
1790804613,0,764665342,0,680338.44,5984600.15,1569305.45,2438343.97,3755199.01,10218131.45,25707508.55,131328,283377663,3717920.89,5935196.46,764665342,1000,1000,1000,0,0,0,0,0,0,3899608.51,16052371.22,27875539.05,5684047.55,5984759
1790804614,0,770681901,0,685081.96,6016309.59,1575549.98,2450474.32,3772515.78,10269136.74,25766885.79,131328,283377663,3733044.84,5936844.46,770681901,1000,1000,1000,0,0,0,0,0,0,3839744.76,15777924.61,30811173.90,5655200.53,6016559
1790804615,0,776682102,0,689802.59,6000425.07,1581653.22,2461920.83,3788340.61,10318037.13,25854849.47,131328,283377663,3747153.97,5937389.57,776682102,1000,1000,1000,0,0,0,0,0,0,3765879.96,16615091.33,30596817.28,5559368.19,6000201
1790804616,0,782675305,0,694508.51,5992992.62,1587623.63,2473158.53,3803873.45,10377392.13,25921364.57,131328,283377663,3761985.56,5937969.11,782675305,1000,1000,1000,0,0,0,0,0,0,3736186.91,17104185.11,28275560.74,5684067.92,5993203
1790804617,0,788684194,0,699220.04,6009136.61,1593665.52,2483919.76,3817893.97,10422262.71,25959726.73,131328,283377663,3775080.16,5936449.85,788684194,1000,1000,1000,0,0,0,0,0,0,3635104.78,16464715.13,27382877.43,5480689.33,6008889
1790804618,0,794682591,0,703914.01,5998447.59,1599678.58,2494887.05,3833147.01,10464240.22,25941033.59,131328,283377663,3786713.16,5928110.90,794682591,1000,1000,1000,0,0,0,0,0,0,3798913.81,14690993.68,24013833.59,5316249.46,5998397
1790804619,0,800685173,0,708603.33,6002794.14,1605728.72,2505885.99,3849635.93,10506106.92,26019652.58,131328,283377663,3800138.91,5925917.90,800685173,1000,1000,1000,0,0,0,0,0,0,3839464.98,16055811.78,28189985.35,5577575.73,6002582
1790804620,0,806683985,0,713281,5998453.46,1611772.42,2516627.93,3864681.54,10562664.45,26120988.85,131328,283377663,3814980.47,5928543.63,806683985,1000,1000,1000,0,0,0,0,0,0,3771315.15,18191651.99,31276641.54,5795941.59,5998812
1790804621,0,812686457,0,717953.67,6002304.09,1617741.44,2527002.33,3879469.81,10597343.14,26075570.40,131328,283377663,3825525.48,5920379.18,812686457,1000,1000,1000,0,0,0,0,0,0,3762732.15,13625124.90,23479611.69,5242691.04,6002472
1790804622,0,818670394,0,722601.67,5984095.24,1623641.92,2537104.64,3893811.68,10659072.35,26177129.81,131328,283377663,3841634.95,5933503.42,818670394,1000,1000,1000,0,0,0,0,0,0,3743444.11,19272951.10,34129860.65,6029483.14,5983937
1790804623,0,824685290,0,727268.84,6015181.70,1629670.12,2548149.99,3909675.82,10721150.00,26369281.41,131328,283377663,3858428.94,5942061.22,824685290,1000,1000,1000,0,0,0,0,0,0,3890893.16,20072570.52,33209609.65,6144211.74,6014896
1790804624,0,830681413,0,731911.18,5995908.50,1635763.41,2559252.61,3924830.95,10774116.46,26460234.98,131328,283377663,3873515.40,5947957.10,830681413,1000,1000,1000,0,0,0,0,0,0,3873264.63,18558871.97,32921991.75,5948453.33,5996123
1790804625,0,836658985,0,736529.07,5977833.44,1641709.23,2569397.49,3939933.09,10820859.97,26546857.06,131328,283377663,3886760.27,5948417.65,836658985,1000,1000,1000,0,0,0,0,0,0,3827311.33,17981077.82,28396547.06,5727351.34,5977572
1790804626,0,842677239,0,741174.54,6017874.96,1647704.41,2580262.95,3956805.30,10906423.55,26920224.92,131328,283377663,3912420.84,5995811.03,842677239,1000,1000,1000,0,0,0,0,0,0,4034074.26,27660326.19,52664395.70,7479758.99,6018254
1790804627,0,848669753,0,745789.31,5992403.77,1653648.23,2590198.65,3970014.64,10944618.19,27007312.98,131328,283377663,3924599.01,5998123.08,848669753,1000,1000,1000,0,0,0,0,0,0,3758300.35,16850229.08,33615623.29,5637113.58,5992514
1790804628,0,854660916,0,750394.80,5991311.58,1659583.72,2600486.61,3985594.23,10992185.83,27090120.49,131328,283377663,3938595.43,6000705.16,854660916,1000,1000,1000,0,0,0,0,0,0,3922299.29,17687126.95,31414359.19,5921237.59,5991163
1790804629,0,859968093,0,754392.50,5306851.22,1664899.36,2609421.70,3997879.11,11020207.63,27126778.70,131328,283377663,3948441.83,5998389.37,859968093,1000,1000,1000,0,0,0,0,0,0,3806652.00,15908878.78,28901429.37,5534093.39,5307177
1790804630,0,861026212,0,754658.86,1058085.83,1665964.94,2611106.98,4000254.54,11023317.10,27140591.15,131328,283377663,3950225.58,5998464.73,861026212,1000,1000,1000,0,0,0,0,0,0,3774144.80,17388820.44,24512438.73,5399939.23,1058119
1790804631,0,861046210,0,754015.53,19998.31,1665934.22,2611014.82,4000172.62,11023317.10,27140427.31,131328,283377663,3950162.83,5998410.03,861046210,1000,1000,1000,0,0,0,0,0,0,1186274.84,2068553.66,2642321.98,1248447.42,19998
1790804632,0,861066206,0,753373.30,19995.73,1665872.78,2610943.14,4000152.14,11023153.26,27140263.46,131328,283377663,3950101.81,5998354.72,861066206,1000,1000,1000,0,0,0,0,0,0,1259182.86,2252439.71,2996828.10,1322634.57,19996
1790804633,0,861086209,0,752732.20,20002.39,1665790.86,2610922.66,4000070.22,11022907.50,27139935.78,131328,283377663,3950040.84,5998299.65,861086209,1000,1000,1000,0,0,0,0,0,0,1242234.37,2230929.64,3449758.71,1325287.44,20003
1790804634,0,861106210,0,752092.23,20002.71,1665698.70,2610861.22,3999967.82,11022825.58,27139771.94,131328,283377663,3949976.93,5998245.51,861106210,1000,1000,1000,0,0,0,0,0,0,1132063.74,2039229.75,2511121.01,1198650.14,20001
1790804635,0,861126204,0,751453.39,19992.99,1665637.26,2610779.30,3999865.42,11022661.74,27138952.77,131328,283377663,3949912.86,5998191.39,861126204,1000,1000,1000,0,0,0,0,0,0,1125878.29,2022279.05,2490397.73,1190301.34,19994
1790804636,0,861146202,0,750815.63,19998.89,1665616.78,2610779.30,3999844.94,11022415.98,27138952.74,131328,283377663,3949852.26,5998135.91,861146202,1000,1000,1000,0,0,0,0,0,0,1261295.41,2321102.74,2900009.60,1340395.19,19998
1790804637,0,861166208,0,750178.99,20004.86,1665596.30,2610748.58,3999803.98,11022170.22,27138952.76,131328,283377663,3949792.15,5998080.36,861166208,1000,1000,1000,0,0,0,0,0,0,1285183.85,2397670.94,3363930.21,1362448.53,20006
1790804638,0,861186210,0,749543.47,20001.53,1665565.58,2610635.94,3999701.59,11021924.46,27138788.92,131328,283377663,3949728.77,5998026.19,861186210,1000,1000,1000,0,0,0,0,0,0,1135082.37,2134031.18,2810191.04,1221028.18,20002
1790804639,0,861206212,0,748909.06,20002.76,1665514.38,2610594.98,3999640.14,11021596.78,27138625.08,131328,283377663,3949662.75,5997972.90,861206212,1000,1000,1000,0,0,0,0,0,0,1043186.94,1908558.48,2143191.99,1107224.70,20002
1790804640,0,861226210,0,748275.77,19997.93,1665422.22,2610533.54,3999599.18,11021514.86,27138297.40,131328,283377663,3949598.69,5997918.74,861226210,1000,1000,1000,0,0,0,0,0,0,1125446.99,2029171.29,2360760.18,1190763.76,19998
1790804641,0,861246211,0,747643.54,20001.47,1665401.74,2610482.34,3999558.22,11021269.10,27137805.88,131328,283377663,3949536.76,5997863.82,861246211,1000,1000,1000,0,0,0,0,0,0,1225711.03,2136893.32,2893031.08,1282889.99,20001
1790804642,0,861266211,0,747012.45,20000.09,1665391.50,2610400.42,3999537.74,11021187.18,27137642.04,131328,283377663,3949472.78,5997809.73,861266211,1000,1000,1000,0,0,0,0,0,0,1142199.32,2021149.72,2515741.72,1194375.48,20000
1790804643,0,861286209,0,746382.42,19997.97,1665319.82,2610390.18,3999455.82,11021105.26,27136822.83,131328,283377663,3949406.31,5997756.67,861286209,1000,1000,1000,0,0,0,0,0,0,1049474.88,1810197.10,2135422.99,1086854.66,19998
1790804644,0,861306208,0,745753.48,19999.32,1665289.10,2610369.70,3999414.86,11021023.34,27136658.98,131328,283377663,3949343.08,5997702.18,861306208,1000,1000,1000,0,0,0,0,0,0,1186880.54,2000203.82,2399019.43,1226041.30,19999
1790804645,0,861326205,0,745125.61,19995.89,1665248.14,2610328.74,3999394.39,11020859.50,27136331.30,131328,283377663,3949281.41,5997647.12,861326205,1000,1000,1000,0,0,0,0,0,0,1231196.29,2203074.60,2812172.56,1293208.95,19997
1790804646,0,861346211,0,744498.86,20005.85,1665196.94,2610287.78,3999332.95,11020367.98,27136003.63,131328,283377663,3949218.23,5997592.65,861346211,1000,1000,1000,0,0,0,0,0,0,1161545.70,2134071.87,2586741.85,1229119.23,20006
1790804647,0,861366211,0,743873.19,19999.74,1665125.26,2610287.78,3999291.99,11020286.06,27135839.79,131328,283377663,3949154.12,5997538.66,861366211,1000,1000,1000,0,0,0,0,0,0,1116635.16,2051480.60,2835383.32,1188073.52,20000
1790804648,0,861386205,0,743248.61,19995.18,1665063.82,2610267.30,3999230.54,11020204.14,27135675.94,131328,283377663,3949091.47,5997484.00,861386205,1000,1000,1000,0,0,0,0,0,0,1194752.51,2085812.94,2870491.74,1249896.45,19994
1790804649,0,861406210,0,742625.06,20004.47,1664992.14,2610226.34,3999189.59,11019958.38,27135512.11,131328,283377663,3949030.10,5997428.94,861406210,1000,1000,1000,0,0,0,0,0,0,1234368.68,2276841.63,3207360.49,1306408.24,20005
1790804650,0,861426211,0,742002.61,20001.06,1664981.90,2610175.14,3999087.19,11019876.46,27135348.28,131328,283377663,3948969.92,5997374.27,861426211,1000,1000,1000,0,0,0,0,0,0,1232472.37,2456779.23,4475485.48,1357295.16,20001
1790804651,0,861446201,0,741381.26,19989.52,1664940.94,2610134.18,3998964.30,11019794.54,27135184.42,131328,283377663,3948908.49,5997319.20,861446201,1000,1000,1000,0,0,0,0,0,0,1232828.82,2298037.47,3106156.44,1301737.48,19990
1790804652,0,861466205,0,740760.96,20005.18,1664899.98,2610042.02,3998943.82,11019712.62,27135020.59,131328,283377663,3948845.81,5997264.48,861466205,1000,1000,1000,0,0,0,0,0,0,1210840.86,1991547.34,2683253.20,1249633.91,20004
1790804653,0,861486206,0,740141.69,19999.85,1664859.02,2610042.02,3998923.34,11019548.78,27134692.91,131328,283377663,3948783.44,5997209.67,861486206,1000,1000,1000,0,0,0,0,0,0,1225657.42,2074774.95,2636060.27,1262360.05,20001
1790804654,0,861506206,0,739523.55,20001.21,1664818.06,2609980.58,3998841.42,11019139.18,27134529.07,131328,283377663,3948721.41,5997155.00,861506206,1000,1000,1000,0,0,0,0,0,0,1193306.29,2261984.79,3287791.84,1277101.36,20000
1790804655,0,861526209,0,738906.47,20002.83,1664797.58,2609888.42,3998779.98,11019057.27,27134365.23,131328,283377663,3948659.18,5997100.15,861526209,1000,1000,1000,0,0,0,0,0,0,1211279.45,2151388.34,2735583.85,1268328.98,20003
1790804656,0,861546212,0,738290.39,20002.12,1664705.42,2609847.46,3998739.03,11018811.51,27134037.55,131328,283377663,3948597.10,5997045.18,861546212,1000,1000,1000,0,0,0,0,0,0,1223388.84,2153271.09,2617117.96,1274950.28,20003
1790804657,0,861566209,0,737675.36,19997.56,1664654.22,2609786.02,3998677.59,11018729.58,27134037.56,131328,283377663,3948534.96,5996990.47,861566209,1000,1000,1000,0,0,0,0,0,0,1199458.18,2225242.61,2975840.70,1271112.31,19997
1790804658,0,861586209,0,737061.43,20000.06,1664623.50,2609745.06,3998616.14,11018483.82,27133546.03,131328,283377663,3948473.90,5996935.20,861586209,1000,1000,1000,0,0,0,0,0,0,1249419.54,2301247.61,2994384.00,1318338.01,20000
1790804659,0,861606200,0,736448.55,19990.71,1664582.54,2609745.06,3998554.70,11018319.97,27132890.66,131328,283377663,3948410.65,5996880.77,861606200,1000,1000,1000,0,0,0,0,0,0,1177217.34,1966819.58,2541775.89,1222007.45,19991
1790804660,0,861626209,0,735836.64,20008.02,1664551.82,2609734.82,3998390.86,11018238.06,27132562.99,131328,283377663,3948349.05,5996825.67,861626209,1000,1000,1000,0,0,0,0,0,0,1220473.02,2312173.80,3042794.55,1295966.80,20009
1790804661,0,861646211,0,735225.86,20003.16,1664510.86,2609693.86,3998288.46,11018156.14,27132562.99,131328,283377663,3948286.60,5996770.94,861646211,1000,1000,1000,0,0,0,0,0,0,1197171.42,2134469.41,2877936.61,1258211.15,20002
1790804662,0,861666211,0,734616.06,19999.30,1664480.14,2609663.14,3998247.50,11018074.22,27131743.80,131328,283377663,3948225.02,5996715.86,861666211,1000,1000,1000,0,0,0,0,0,0,1239018.93,2176439.93,2878408.83,1295175.16,20000
1790804663,0,861686210,0,734007.35,19998.36,1664418.70,2609663.14,3998206.54,11017910.38,27131579.96,131328,283377663,3948163.61,5996660.69,861686210,1000,1000,1000,0,0,0,0,0,0,1252576.96,2149164.81,2829541.57,1302326.83,19999
1790804664,0,861706209,0,733399.68,19999.89,1664387.98,2609622.18,3998165.59,11017828.46,27131416.11,131328,283377663,3948103.40,5996605.44,861706209,1000,1000,1000,0,0,0,0,0,0,1271325.88,2352970.46,3752991.82,1353759.73,19999
1790804665,0,861726210,0,732793.03,20001.55,1664347.02,2609601.70,3998145.10,11017582.70,27131252.28,131328,283377663,3948044.22,5996550.08,861726210,1000,1000,1000,0,0,0,0,0,0,1283156.73,2593837.44,4331447.12,1398346.60,20001
1790804666,0,861746211,0,732187.39,20000.09,1664295.82,2609560.74,3998145.10,11017582.70,27130760.75,131328,283377663,3947984.02,5996494.72,861746211,1000,1000,1000,0,0,0,0,0,0,1266259.09,2340719.95,3612140.08,1354417.26,20001
1790804667,0,861766204,0,731582.79,19993.90,1664254.86,2609437.86,3998124.62,11017500.77,27130433.06,131328,283377663,3947923.04,5996439.40,861766204,1000,1000,1000,0,0,0,0,0,0,1268329.97,2180472.02,2771168.05,1319333.97,19993
1790804668,0,861786198,0,730979.19,19994.26,1664224.14,2609366.18,3998042.70,11017255.01,27130269.22,131328,283377663,3947860.78,5996384.56,861786198,1000,1000,1000,0,0,0,0,0,0,1228106.11,2066171.90,2428472.92,1264470.11,19994
1790804669,0,861806208,0,730376.69,20008.98,1664111.50,2609274.02,3998022.22,11016927.34,27129613.87,131328,283377663,3947799.07,5996329.51,861806208,1000,1000,1000,0,0,0,0,0,0,1237469.38,2126858.10,2867712.79,1290070.54,20010
1790804670,0,861826209,0,729775.12,20000.76,1664050.06,2609233.06,3998001.75,11016599.65,27129122.35,131328,283377663,3947736.12,5996274.98,861826209,1000,1000,1000,0,0,0,0,0,0,1182603.09,2023696.80,2666074.05,1235635.88,20001
1790804671,0,861846203,0,729174.58,19994.23,1664019.34,2609151.14,3997940.31,11016517.74,27128794.68,131328,283377663,3947673.62,5996220.25,861846203,1000,1000,1000,0,0,0,0,0,0,1218175.91,2035670.13,2589297.67,1253540.55,19994
1790804672,0,861866208,0,728575.17,20005.35,1663968.14,2609048.74,3997878.87,11016353.90,27128303.14,131328,283377663,3947610.69,5996165.68,861866208,1000,1000,1000,0,0,0,0,0,0,1198238.81,1982922.87,2630872.29,1236458.27,20005
1790804673,0,861886206,0,727976.62,19998.06,1663947.66,2608987.30,3997837.91,11016026.22,27127975.45,131328,283377663,3947547.82,5996111.09,861886206,1000,1000,1000,0,0,0,0,0,0,1199625.19,1987880.91,2508845.49,1237871.58,19998
1790804674,0,861906210,0,727379.16,20004.14,1663886.22,2608946.34,3997776.47,11015698.55,27127647.78,131328,283377663,3947485.53,5996056.28,861906210,1000,1000,1000,0,0,0,0,0,0,1221904.15,2058155.05,2769340.15,1263690.87,20004
1790804675,0,861926205,0,726782.71,19995.13,1663855.50,2608874.66,3997653.58,11015616.62,27126992.39,131328,283377663,3947423.46,5996001.49,861926205,1000,1000,1000,0,0,0,0,0,0,1205665.56,2189186.96,2999288.70,1271796.94,19995
1790804676,0,861946207,0,726187.21,20000.73,1663824.78,2608864.42,3997592.15,11015452.79,27126664.72,131328,283377663,3947360.99,5995946.75,861946207,1000,1000,1000,0,0,0,0,0,0,1214524.95,2084505.15,2636634.36,1255372.14,20002
1790804677,0,861966211,0,725592.75,20005.04,1663783.82,2608762.02,3997530.71,11015125.11,27126337.05,131328,283377663,3947299.19,5995891.90,861966211,1000,1000,1000,0,0,0,0,0,0,1210243.74,2230189.71,3202713.49,1284655.79,20004
1790804678,0,861986210,0,724999.30,19998.28,1663742.86,2608700.58,3997469.27,11014879.35,27126173.21,131328,283377663,3947236.49,5995837.34,861986210,1000,1000,1000,0,0,0,0,0,0,1200767.54,2034350.34,2707697.19,1244614.22,19999
1790804679,0,862006207,0,724406.79,19998.04,1663701.90,2608700.58,3997387.34,11014879.35,27125354.01,131328,283377663,3947176.57,5995781.66,862006207,1000,1000,1000,0,0,0,0,0,0,1309319.11,2407554.30,3022427.92,1364508.21,19997
1790804680,0,862026202,0,723815.37,19994.78,1663660.94,2608649.38,3997366.86,11014715.51,27125354.00,131328,283377663,3947118.18,5995727.22,862026202,1000,1000,1000,0,0,0,0,0,0,1281436.70,2418094.26,5216866.07,1429724.73,19995
1790804681,0,862046208,0,723224.89,20005.71,1663630.22,2608639.14,3997305.43,11014469.74,27125190.17,131328,283377663,3947057.67,5995671.80,862046208,1000,1000,1000,0,0,0,0,0,0,1292225.14,2223685.38,2814796.21,1339874.24,20006
1790804682,0,862066207,0,722635.45,19999.39,1663589.26,2608618.66,3997284.94,11014305.90,27125190.16,131328,283377663,3946995.03,5995617.16,862066207,1000,1000,1000,0,0,0,0,0,0,1203213.34,2029684.97,2544457.79,1246706.37,19999
1790804683,0,862086204,0,722046.96,19997.20,1663517.58,2608608.43,3997284.95,11014142.06,27124862.50,131328,283377663,3946932.89,5995562.36,862086204,1000,1000,1000,0,0,0,0,0,0,1213204.26,2129354.49,2849050.08,1268482.71,19997
1790804684,0,862106209,0,721459.41,20005.14,1663476.62,2608557.22,3997284.95,11013978.22,27124534.81,131328,283377663,3946870.90,5995507.46,862106209,1000,1000,1000,0,0,0,0,0,0,1217589.00,2194700.86,2658640.58,1275468.92,20005
1790804685,0,862126210,0,720872.89,20000.96,1663456.14,2608536.74,3997203.03,11013978.22,27124534.81,131328,283377663,3946809.34,5995452.39,862126210,1000,1000,1000,0,0,0,0,0,0,1234072.03,2203748.27,2845973.46,1293194.60,20001
1790804686,0,862146210,0,720287.31,19998.55,1663374.22,2608465.06,3997141.59,11013896.30,27124534.81,131328,283377663,3946748.38,5995397.22,862146210,1000,1000,1000,0,0,0,0,0,0,1256201.24,2249430.04,3079310.36,1319051.91,20000
1790804687,0,862166210,0,719702.80,20001.91,1663333.26,2608444.58,3997141.59,11013814.38,27124370.97,131328,283377663,3946687.46,5995341.92,862166210,1000,1000,1000,0,0,0,0,0,0,1273127.96,2239958.04,2834891.80,1320718.05,20000
1790804688,0,862186205,0,719119.08,19993.85,1663302.54,2608424.10,3997121.10,11013732.45,27124043.28,131328,283377663,3946626.18,5995286.85,862186205,1000,1000,1000,0,0,0,0,0,0,1243424.35,2207783.97,3136169.67,1303909.36,19995
1790804689,0,863152444,0,719324.63,966354.87,1664271.84,2610637.91,4003254.57,11112782.86,27504532.61,131328,283377663,3968721.55,6084477.41,863152444,1000,1000,1000,0,0,0,0,0,0,14448946.63,76810193.03,103447607.73,23684675.37,966239
1790804690,0,869729675,0,724202.23,6577229.05,1670865.12,2624797.99,4044164.47,11595346.42,29794374.61,131328,283377663,4137389.36,7177278.89,869729675,1000,1000,1000,0,0,0,0,0,0,11360905.78,96056527.33,123282819.03,26272241.41,6577231
1790804691,0,877753982,0,730275.80,8024241.91,1679174.66,2641968.07,4088530.78,11822395.19,30103508.84,131328,283377663,4181009.31,7209070.76,877753982,1000,1000,1000,0,0,0,0,0,0,6106283.85,25515256.12,42776713.17,8908840.68,8024307
1790804692,0,885749667,0,736315.49,7995875.49,1687330.63,2658634.34,4129869.42,12037576.79,30309046.40,131328,283377663,4218432.41,7226324.13,885749667,1000,1000,1000,0,0,0,0,0,0,5666000.48,23664704.93,41520093.21,8326682.66,7995685
1790804693,0,893733484,0,742335.23,7983887.59,1695429.44,2674335.27,4166717.84,12295983.16,30743730.25,131328,283377663,4262154.54,7274910.09,893733484,1000,1000,1000,0,0,0,0,0,0,5405636.07,30368972.86,52285581.04,9112824.52,7983817
1790804694,0,901728586,0,748354.38,7995137.25,1703647.39,2691100.66,4210760.91,12539579.49,31161724.39,131328,283377663,4307546.54,7314106.02,901728586,1000,1000,1000,0,0,0,0,0,0,6270501.52,29481668.61,46644250.38,9381696.53,7995102
1790804695,0,909732304,0,754370.69,8003691.20,1711772.04,2707345.69,4250843.10,12766385.11,31764828.69,131328,283377663,4354010.60,7387156.85,909732304,1000,1000,1000,0,0,0,0,0,0,5592831.20,33940668.29,57454297.37,9588824.32,8003718
1790804696,0,917746460,0,760383.74,7992246.60,1719989.60,2723693.38,4294107.12,13008145.55,32591474.05,131328,553648127,4476563.15,8496349.81,917746460,1000,1000,1000,0,0,0,0,0,0,6813735.73,68809029.99,96308186.10,18388198.29,8014156
1790804697,0,925663624,0,766316.86,7947004.05,1728146.09,2740482.27,4350082.56,13624760.77,37155791.88,131328,560988159,4957767.26,13777875.36,925663624,1000,1000,1000,0,0,0,0,0,0,13330209.73,248047046.15,308699994.88,60738267.39,7917164
1790804698,0,933747653,0,772363.42,8083849.91,1736412.26,2756621.21,4392602.01,13782944.18,37028615.34,131328,560988159,4982197.43,13734533.69,933747653,1000,1000,1000,0,0,0,0,0,0,5605738.05,20615764.25,31844324.01,7779579.18,8084029
1790804699,0,941730212,0,778322.54,7982528.40,1744567.61,2772389.09,4433083.67,13937856.01,36972210.22,131328,560988159,5007011.11,13694464.22,941730212,1000,1000,1000,0,0,0,0,0,0,5549408.34,22212624.94,33596633.26,7909554.41,7982559
1790804700,0,949749504,0,784302.14,8019380.88,1752797.62,2788610.53,4477851.22,14123090.73,37225903.00,131328,560988159,5039798.73,13668359.77,949749504,1000,1000,1000,0,0,0,0,0,0,5915976.92,27398576.63,44415722.65,8890149.63,8019292
1790804701,0,957738227,0,790246.66,7988456.51,1760956.56,2804521.88,4521847.33,14356951.78,37542754.28,131328,560988159,5076909.31,13651252.71,957738227,1000,1000,1000,0,0,0,0,0,0,5953232.82,29699901.34,46897250.16,9488848.25,7988723
1790804702,0,965699340,0,796158.56,7960891.31,1769146.00,2820195.36,4564662.88,14538149.49,37892437.06,131328,560988159,5110383.72,13632778.52,965699340,1000,1000,1000,0,0,0,0,0,0,5777780.72,29823940.21,46343361.14,9137423.64,7961113
1790804703,0,973699224,0,802092.70,8000455.01,1777286.77,2836349.44,4614544.25,14705102.92,38010780.95,131328,560988159,5142626.62,13605463.40,973699224,1000,1000,1000,0,0,0,0,0,0,6433183.09,25977767.60,42314627.99,9034801.27,7999884
1790804704,0,981713071,0,808028.57,8013522.59,1785475.73,2852541.34,4664314.65,14895668.60,38287438.96,131328,560988159,5178611.93,13584439.31,981713071,1000,1000,1000,0,0,0,0,0,0,6256037.44,29592433.88,46746205.31,9550902.98,8013847
1790804705,0,989731190,0,813958.22,8018226.49,1793655.28,2867701.96,4706077.72,15080357.32,38784083.38,131328,560988159,5219141.45,13600940.74,989731190,1000,1000,1000,0,0,0,0,0,0,5702843.13,37979745.03,63567072.03,10181447.37,8018119
1790804706,0,997733204,0,819864.81,8002294.59,1801852.44,2883251.47,4749936.42,15221901.58,38742622.93,131328,560988159,5244586.70,13567628.00,997733204,1000,1000,1000,0,0,0,0,0,0,5972266.17,23467737.86,34726811.19,8391788.62,8002014
1790804707,0,1005733976,0,825760.72,8000759.77,1809971.45,2898971.35,4797773.01,15371461.91,38881447.39,131328,560988159,5274982.70,13541729.65,1005733976,1000,1000,1000,0,0,0,0,0,0,6109868.53,26299171.97,43255090.02,9065504.13,8000772
1790804708,0,1013732170,0,831644.83,7998022.93,1818027.34,2914187.22,4840019.05,15489033.54,38958587.59,131328,560988159,5300015.83,13511815.32,1013732170,1000,1000,1000,0,0,0,0,0,0,5826620.86,25208437.93,40466278.05,8447809.93,7998194
1790804709,0,1021756310,0,837540.52,8024017.05,1826159.97,2928734.18,4874038.30,15576421.44,39052331.85,131328,560988159,5321819.71,13485245.35,1021756310,1000,1000,1000,0,0,0,0,0,0,5235557.00,25411590.76,43366238.82,8076419.74,8024140
1790804710,0,1029731684,0,843386.73,7975560.23,1834282.06,2942984.85,4914771.23,15736426.26,39353356.63,131328,560988159,5353313.77,13471100.25,1029731684,1000,1000,1000,0,0,0,0,0,0,5756055.31,31335198.81,48692632.81,9388140.81,7975374
1790804711,0,1037718652,0,849232.79,7986869.63,1842351.91,2957193.17,4950185.31,15902155.22,39659187.27,131328,560988159,5384436.97,13457643.35,1037718652,1000,1000,1000,0,0,0,0,0,0,5344293.01,32127220.35,50338671.88,9397041.34,7986968
1790804712,0,1045744865,0,855101.37,8026563.37,1850416.35,2970506.29,4983096.37,16004193.52,39816903.40,131328,560988159,5406463.53,13433819.66,1045744865,1000,1000,1000,0,0,0,0,0,0,5174316.42,26617801.76,43392271.00,8254304.62,8026213
1790804713,0,1053674111,0,860888.15,7928873.92,1858082.44,2981298.90,5006731.30,16085572.47,39935115.19,131328,560988159,5423285.24,13406882.19,1053674111,1000,1000,1000,0,0,0,0,0,0,4612074.76,26225179.24,39687656.71,7641807.63,7929246
1790804714,0,1061654887,0,866700.59,7980407.96,1865696.54,2990969.18,5024786.03,16169743.73,40221886.35,131328,560988159,5441160.55,13387930.33,1061654887,1000,1000,1000,0,0,0,0,0,0,4226973.18,29392897.59,50514316.78,7801176.37,7980776
1790804715,0,1069749983,0,872589.66,8095428.89,1873556.93,3001188.96,5042455.95,16210599.17,40196454.67,131328,560988159,5451134.25,13353218.06,1069749975,1000,1000,1000,0,0,0,0,0,0,4178343.16,21022892.40,38924966.35,6759164.82,8095088
1790804716,0,1077744594,0,878394.40,7994665.92,1881247.20,3011161.96,5060149.87,16255308.37,40321388.63,131328,560988159,5463707.51,13324502.91,1077744594,1000,1000,1000,0,0,0,0,0,0,4250798.12,23486236.67,37518762.25,7146119.95,7994619
1790804717,0,1085762873,0,884208.88,8018237.65,1888766.54,3020211.76,5074249.53,16290266.99,40403975.24,131328,560988159,5473777.21,13298303.12,1085762873,1000,1000,1000,0,0,0,0,0,0,4152211.12,22786596.13,43515095.43,6827254.84,8018279
1790804718,0,1093754651,0,889992.39,7992140.10,1896422.78,3029590.52,5087915.19,16299450.62,40264771.25,131328,560988159,5477485.47,13257801.59,1093754651,1000,1000,1000,0,0,0,0,0,0,4102188.45,16785149.20,25805399.12,5981289.48,7991778
1790804719,0,1101755493,0,895773.75,8000397.59,1903888.14,3038826.87,5104073.93,16292979.27,40115788.12,131328,560988159,5480978.24,13216337.17,1101755493,1000,1000,1000,0,0,0,0,0,0,4212774.90,15925680.04,24261826.12,5958457.83,8000842
1790804720,0,1109740738,0,901533.12,7985469.45,1911445.12,3047081.10,5114998.43,16308446.72,40074252.21,131328,560988159,5486048.92,13183637.36,1109740738,1000,1000,1000,0,0,0,0,0,0,3963658.26,18306059.58,34898337.31,6185670.90,7985245
1790804721,0,1117731203,0,907287.30,7990116.02,1918899.07,3055206.10,5130733.75,16369188.59,40190885.26,131328,560988159,5498663.27,13159431.71,1117731203,1000,1000,1000,0,0,0,0,0,0,4129796.34,26021158.20,43033850.96,7250583.17,7990465
1790804722,0,1125735926,0,913043.84,8004924.95,1926249.77,3062974.59,5141887.03,16381669.56,40155796.36,131328,560988159,5502718.61,13124607.04,1125735926,1000,1000,1000,0,0,0,0,0,0,3953544.82,17795615.62,33133890.15,6068981.70,8004723
1790804723,0,1133752510,0,918800.64,8016851.29,1933666.74,3071923.32,5158223.68,16394140.39,40033536.28,131328,560988159,5508616.96,13087655.08,1133752510,1000,1000,1000,0,0,0,0,0,0,4329365.43,18320169.92,29693380.66,6336897.57,8016584
1790804724,0,1141750854,0,924533.32,7998596.42,1940914.54,3079682.05,5169442.51,16388043.65,39924098.39,131328,560988159,5510434.05,13050085.34,1141750854,1000,1000,1000,0,0,0,0,0,0,4009315.86,16916951.72,27240645.03,5768004.36,7998344
1790804725,0,1149755928,0,930262.08,8004485.55,1948186.84,3087486.79,5181148.76,16400873.83,39798988.48,131328,560988159,5514131.73,13012949.92,1149755928,1000,1000,1000,0,0,0,0,0,0,4080131.97,17413325.59,27234167.09,6041526.06,8005074
1790804726,0,1157750630,0,935973.31,7994882.05,1955569.26,3095863.50,5194981.72,16419759.67,39750860.64,131328,560988159,5519778.53,12979147.44,1157750630,1000,1000,1000,0,0,0,0,0,0,4249551.65,18372775.23,33603516.61,6331871.63,7994702
1790804727,0,1165757659,0,941685.22,8006457.93,1962889.18,3103950.26,5208037.79,16479405.06,39851670.02,131328,560988159,5531413.60,12955295.45,1165757659,1000,1000,1000,0,0,0,0,0,0,4174975.09,25025605.85,41011583.86,7213748.97,8007029
1790804728,0,1173726686,0,947357.22,7969229.94,1970266.27,3110951.48,5218109.21,16518325.62,39891255.90,131328,560988159,5539630.72,12929593.21,1173726686,1000,1000,1000,0,0,0,0,0,0,3919222.41,22495572.97,38725579.73,6741680.07,7969027
1790804729,0,1181748865,0,953063.09,8022901.35,1977665.88,3119722.30,5234244.74,16555726.91,39930474.94,131328,560988159,5549881.64,12902249.87,1181748865,1000,1000,1000,0,0,0,0,0,0,4300955.72,22095308.62,38913036.82,7049696.04,8022179
1790804730,0,1189717164,0,958716.08,7967681.81,1985192.46,3128677.66,5255262.97,16593739.02,39909549.64,131328,560988159,5560603.83,12872340.64,1189717164,1000,1000,1000,0,0,0,0,0,0,4742395.54,21306742.26,35082770.97,7150772.41,7968299
1790804731,0,1197732589,0,964398.04,8015522.67,1992731.51,3138198.97,5279889.41,16724613.85,40170872.93,131328,560988159,5585103.50,12867057.96,1197732589,1000,1000,1000,0,0,0,0,0,0,5108028.73,31753068.26,49441746.47,9221552.40,8015425
1790804732,0,1205735863,0,970061.14,8003255.10,2000569.09,3150583.87,5317803.83,16921818.95,40659027.50,131328,560988159,5625076.96,12885073.28,1205735863,1000,1000,1000,0,0,0,0,0,0,6541046.72,41236656.43,60375714.05,11607318.30,8003274
1790804733,0,1213749386,0,975723.28,8013300.90,2008108.41,3161317.85,5340353.86,17022564.50,40737491.64,131328,560988159,5643649.84,12866566.90,1213749386,1000,1000,1000,0,0,0,0,0,0,4948801.50,27430889.29,45568219.60,8438173.28,8013523
1790804734,0,1221677630,0,981315.83,7928820.78,2015714.25,3172009.82,5362838.26,17090129.99,40817053.92,131328,560988159,5659513.05,12848772.34,1221677630,1000,1000,1000,0,0,0,0,0,0,4969881.13,26194841.69,45286227.16,8088040.89,7928244
1790804735,0,1229756606,0,987004.55,8078491.10,2023396.46,3182718.61,5387764.98,17178380.84,40943861.20,131328,560988159,5678508.98,12833432.94,1229756606,1000,1000,1000,0,0,0,0,0,0,5127628.73,28601802.36,45645399.60,8551014.89,8078976
1790804736,0,1237740289,0,992615.50,7984005.81,2030895.11,3192998.03,5411233.21,17220490.81,40927306.41,131328,560988159,5691112.79,12809121.90,1237740289,1000,1000,1000,0,0,0,0,0,0,5095566.85,23114970.20,38840157.46,7632525.59,7983683
1790804737,0,1245753752,0,998241.37,8012812.67,2038418.03,3203936.74,5436844.26,17293498.37,40943463.94,131328,560988159,5707101.79,12788329.11,1245753752,1000,1000,1000,0,0,0,0,0,0,5328997.10,25129522.63,41419087.44,8176723.51,8013463
1790804738,0,1253749320,0,1003844.04,7995766.69,2045978.31,3214153.91,5459411.86,17404735.32,41457438.89,131328,560988159,5736698.34,12810678.11,1253749320,1000,1000,1000,0,0,0,0,0,0,5088432.39,42495340.75,65921317.31,10348005.00,7995568
1790804739,0,1261743976,0,1009436.89,7994823.17,2053584.63,3224418.35,5482400.40,17469788.34,41485944.68,131328,560988159,5751219.36,12788702.57,1261743976,1000,1000,1000,0,0,0,0,0,0,5102261.29,24601773.94,44041059.93,8028454.82,7994656
1790804740,0,1269720000,0,1015006.02,7976497.13,2061090.59,3235047.34,5506681.76,17512226.28,41409410.17,131328,560988159,5763354.10,12761536.32,1269720000,1000,1000,1000,0,0,0,0,0,0,5260443.77,21773257.25,33511058.13,7682975.11,7976024
1790804741,0,1277702170,0,1020571.04,7981747.05,2068563.18,3245713.93,5534458.21,17632121.02,41517729.38,131328,560988159,5785761.81,12748167.38,1277702170,1000,1000,1000,0,0,0,0,0,0,5603018.86,30027160.79,45100460.60,9350145.06,7982170
1790804742,0,1285725192,0,1026159.82,8023074.86,2076160.00,3256954.93,5565535.14,17720622.01,41564631.80,131328,560988159,5805745.94,12730147.86,1285725192,1000,1000,1000,0,0,0,0,0,0,6040582.56,26123622.76,43792007.82,8988308.50,8023022
1790804743,0,1293668071,0,1031675.77,7942713.84,2083446.49,3266170.41,5584415.99,17775483.46,41593289.87,131328,560988159,5818589.14,12710050.79,1293668071,1000,1000,1000,0,0,0,0,0,0,4940816.27,24699248.90,42002197.30,7897535.46,7942879
1790804744,0,1301739572,0,1037285.45,8072255.24,2090960.38,3276695.49,5611910.26,17882822.56,41812498.11,131328,560988159,5842370.45,12706184.91,1301739572,1000,1000,1000,0,0,0,0,0,0,5703194.22,32398760.37,50935338.24,9653944.86,8071501
1790804745,0,1309713898,0,1042808.78,7973853.88,2098246.90,3286423.27,5630592.20,17936965.70,41873429.36,131328,560988159,5855953.93,12688686.02,1309713898,1000,1000,1000,0,0,0,0,0,0,5031195.79,25275021.17,45882690.85,8073338.75,7974326
1790804746,0,1317739341,0,1048363.97,8025133.08,2105646.75,3296875.85,5656613.61,18003946.19,41937492.92,131328,560988159,5873047.85,12671122.83,1317739341,1000,1000,1000,0,0,0,0,0,0,5560308.31,26077384.33,46430120.72,8662694.03,8025443
1790804747,0,1325754127,0,1053901.94,8015348.88,2112913.79,3305700.28,5674062.99,18011841.17,41865284.31,131328,560988159,5879713.92,12642285.23,1325754127,1000,1000,1000,0,0,0,0,0,0,4914297.82,19082617.25,30380493.47,6975705.99,8014786
1790804748,0,1333719268,0,1059391.65,7964862.71,2120205.52,3314792.85,5689785.21,18033170.51,41854406.90,131328,560988159,5888124.45,12618632.89,1333719268,1000,1000,1000,0,0,0,0,0,0,4870177.10,21913879.86,39485816.57,7288011.27,7965141
1790804749,0,1340813823,0,1064182.08,7094783.27,2126838.89,3323631.66,5705622.99,18098099.90,42009340.46,131328,560988159,5903702.25,12611605.51,1340813823,1000,1000,1000,0,0,0,0,0,0,5113862.77,31162094.17,51181171.55,8832203.11,7094555
1790804750,0,1342222170,0,1064455.14,1408255.90,2128024.31,3325007.19,5707198.45,18096618.95,41987918.75,131328,560988159,5903841.46,12605922.98,1342222170,1000,1000,1000,0,0,0,0,0,0,4545494.75,16314166.83,19696541.87,6036380.35,1408347
1790804751,0,1342242162,0,1063627.47,19991.13,2127962.87,3324986.71,5707034.61,18096291.27,41987918.75,131328,560988159,5903771.42,12605842.99,1342242162,1000,1000,1000,0,0,0,0,0,0,1154867.83,2019001.80,2582261.78,1201493.92,19992
1790804752,0,1342262168,0,1062801.09,20006.29,2127921.91,3324945.75,5707034.61,18096127.42,41987591.06,131328,560988159,5903700.76,12605763.16,1342262168,1000,1000,1000,0,0,0,0,0,0,1109438.69,1936218.29,2478658.00,1162715.17,20006
1790804753,0,1342282172,0,1061976.12,20003.72,2127870.71,3324945.76,5706993.65,18095963.59,41987263.39,131328,560988159,5903629.65,12605683.53,1342282172,1000,1000,1000,0,0,0,0,0,0,1069089.66,1936838.23,2649810.72,1132167.23,20004
1790804754,0,1342302170,0,1061152.39,19998.92,2127860.47,3324904.79,5706870.77,18095472.07,41987263.38,131328,560988159,5903557.91,12605604.15,1342302170,1000,1000,1000,0,0,0,0,0,0,1050965.18,1775058.71,2161903.15,1088155.40,19998
1790804755,0,1342322167,0,1060329.92,19995.87,2127839.99,3324863.83,5706788.85,18095308.23,41987263.39,131328,560988159,5903487.10,12605524.45,1342322167,1000,1000,1000,0,0,0,0,0,0,1096729.04,1916141.12,2701357.14,1150482.11,19997
1790804756,0,1342342162,0,1059508.76,19995.75,2127737.59,3324802.39,5706747.89,18094980.55,41986280.34,131328,560988159,5903417.11,12605444.44,1342342162,1000,1000,1000,0,0,0,0,0,0,1163002.69,2024577.34,2609714.14,1204923.68,19995
1790804757,0,1342362163,0,1058689.02,20001.72,2127696.63,3324740.95,5706625.01,18094816.70,41985952.66,131328,560988159,5903346.52,12605364.60,1342362163,1000,1000,1000,0,0,0,0,0,0,1130445.95,1929195.29,2498085.63,1165534.34,20001
1790804758,0,1342382160,0,1057870.42,19996.40,2127583.99,3324720.47,5706584.05,18094816.70,41985297.32,131328,560988159,5903276.02,12605284.79,1342382160,1000,1000,1000,0,0,0,0,0,0,1131975.82,1874133.46,2661544.96,1170656.87,19997
1790804759,0,1342402161,0,1057053.15,20000.91,2127532.79,3324638.55,5706461.17,18094652.86,41984969.64,131328,560988159,5903206.26,12605204.85,1342402161,1000,1000,1000,0,0,0,0,0,0,1129507.61,2061119.01,3808528.34,1221759.73,20001
1790804760,0,1342422163,0,1056237.23,20002.23,2127461.11,3324618.07,5706420.21,18094489.02,41984969.64,131328,560988159,5903135.98,12605124.92,1342422163,1000,1000,1000,0,0,0,0,0,0,1139559.57,2021928.06,2688503.88,1185926.40,20002
1790804761,0,1342442167,0,1055422.48,20002.48,2127430.39,3324577.12,5706379.25,18094325.18,41984314.25,131328,560988159,5903065.73,12605044.96,1342442167,1000,1000,1000,0,0,0,0,0,0,1139368.54,1932987.07,2762635.41,1189234.13,20004
1790804762,0,1342462164,0,1054609.09,19997.97,2127297.27,3324556.64,5706256.37,18094325.18,41983986.57,131328,560988159,5902994.95,12604965.23,1342462164,1000,1000,1000,0,0,0,0,0,0,1118165.57,1828524.36,2316001.06,1150780.99,19997
1790804763,0,1342482165,0,1053796.96,20000.56,2127246.07,3324495.19,5706092.53,18094325.18,41983658.90,131328,560988159,5902924.48,12604885.35,1342482165,1000,1000,1000,0,0,0,0,0,0,1143891.63,1877994.62,2362359.68,1173489.00,20001
1790804764,0,1342502164,0,1052986.10,19999.25,2127225.59,3324474.71,5706010.61,18094325.18,41983003.55,131328,560988159,5902854.43,12604805.36,1342502164,1000,1000,1000,0,0,0,0,0,0,1159801.14,1994828.06,2625421.38,1200575.43,19999
1790804765,0,1342522168,0,1052176.52,20005.27,2127194.87,3324474.71,5705969.64,18094161.34,41983003.56,131328,560988159,5902784.03,12604725.45,1342522168,1000,1000,1000,0,0,0,0,0,0,1136690.27,1885876.47,2606663.43,1178206.20,20004
1790804766,0,1342542170,0,1051368.26,20001.98,2127174.39,3324433.75,5705928.69,18093997.51,41982020.50,131328,560988159,5902713.52,12604645.58,1342542170,1000,1000,1000,0,0,0,0,0,0,1139292.69,1893937.73,2304331.56,1169593.58,20002
1790804767,0,1342562166,0,1050561.16,19995.25,2127123.19,3324392.79,5705928.69,18093997.51,41981692.82,131328,560988159,5902643.32,12604565.65,1342562166,1000,1000,1000,0,0,0,0,0,0,1153441.69,1957260.49,2316272.87,1189407.67,19996
1790804768,0,1342582162,0,1049755.35,19995.67,2127082.23,3324392.80,5705846.77,18093669.82,41981692.82,131328,560988159,5902572.96,12604485.80,1342582162,1000,1000,1000,0,0,0,0,0,0,1128601.65,1962798.47,2618508.14,1178566.48,19996
1790804769,0,1342602160,0,1048950.83,19998.58,2127000.31,3324269.91,5705846.77,18093669.82,41980382.10,131328,560988159,5902502.47,12604405.97,1342602160,1000,1000,1000,0,0,0,0,0,0,1131952.76,1888953.85,2484767.41,1170126.75,19998
1790804770,0,1342622160,0,1048147.56,19999.27,2126979.83,3324188.00,5705805.81,18093178.30,41980054.42,131328,560988159,5902431.88,12604326.16,1342622160,1000,1000,1000,0,0,0,0,0,0,1128782.05,1835521.61,2471011.15,1164100.72,20000
1790804771,0,1342642165,0,1047345.56,20005.52,2126867.19,3324147.04,5705805.81,18093014.46,41980054.42,131328,560988159,5902361.46,12604246.28,1342642165,1000,1000,1000,0,0,0,0,0,0,1138521.51,1898141.86,2550017.90,1175843.65,20005
1790804772,0,1342662161,0,1046544.75,19995.13,2126764.79,3324126.56,5705723.89,18093014.46,41980054.42,131328,560988159,5902290.78,12604166.55,1342662161,1000,1000,1000,0,0,0,0,0,0,1126227.34,1834173.35,2318605.95,1156750.69,19996
1790804773,0,1342682162,0,1045745.21,20001.08,2126713.59,3324106.08,5705723.89,18093014.46,41979399.07,131328,560988159,5902220.27,12604086.72,1342682162,1000,1000,1000,0,0,0,0,0,0,1133797.80,1849889.33,2393852.35,1168518.89,20001
1790804774,0,1342702161,0,1044946.94,19998.48,2126682.87,3324106.08,5705723.89,18093014.46,41979071.40,131328,560988159,5902150.24,12604006.73,1342702161,1000,1000,1000,0,0,0,0,0,0,1151214.22,2014849.34,2668237.63,1200872.72,19999
1790804775,0,1342722170,0,1044149.99,20011.17,2126662.39,3324085.60,5705641.97,18092850.63,41978743.71,131328,560988159,5902079.96,12603926.77,1342722170,1000,1000,1000,0,0,0,0,0,0,1157556.82,1912790.37,2292951.12,1185999.61,20009
1790804776,0,1342742157,0,1043354.18,19986.01,2126570.23,3324065.12,5705560.04,18092850.63,41978743.74,131328,560988159,5902009.71,12603846.92,1342742157,1000,1000,1000,0,0,0,0,0,0,1140335.74,1944669.83,2552785.45,1182439.04,19987
1790804777,0,1342762164,0,1042559.64,20007.22,2126539.51,3324044.64,5705437.16,18092850.63,41978416.03,131328,560988159,5901939.63,12603766.91,1342762164,1000,1000,1000,0,0,0,0,0,0,1154855.78,2041488.54,2524339.01,1198438.65,20007
1790804778,0,1342782166,0,1041766.26,20002.04,2126498.55,3324044.64,5705314.29,18092850.63,41978416.03,131328,560988159,5901868.93,12603687.14,1342782166,1000,1000,1000,0,0,0,0,0,0,1120895.14,1850321.74,2371802.83,1156068.50,20002
1790804779,0,1342802160,0,1040974.17,19994.07,2126467.83,3324003.68,5705109.48,18092686.79,41977760.69,131328,560988159,5901798.47,12603607.36,1342802160,1000,1000,1000,0,0,0,0,0,0,1132750.11,1870748.97,2499859.05,1169591.01,19994
1790804780,0,1342822164,0,1040183.28,20003.51,2126406.39,3323983.20,5705068.53,18092522.95,41977105.33,131328,560988159,5901728.07,12603527.52,1342822164,1000,1000,1000,0,0,0,0,0,0,1122211.11,1961035.84,2769168.15,1175900.37,20004
1790804781,0,1342842160,0,1039393.60,19995.22,2126314.23,3323962.72,5704904.69,18092359.11,41976777.65,131328,560988159,5901657.85,12603447.64,1342842160,1000,1000,1000,0,0,0,0,0,0,1139093.61,1987602.15,2706401.71,1186155.44,19996
1790804782,0,1342862164,0,1038605.17,20003.84,2126263.03,3323839.84,5704904.68,18092195.27,41976449.98,131328,560988159,5901587.43,12603367.78,1342862164,1000,1000,1000,0,0,0,0,0,0,1140225.46,1880526.11,2532690.80,1174599.12,20004
1790804783,0,1342882163,0,1037818.03,20000.25,2126201.59,3323819.36,5704781.81,18091867.59,41976122.30,131328,560988159,5901517.32,12603287.84,1342882163,1000,1000,1000,0,0,0,0,0,0,1153022.28,1951717.60,2591604.91,1193694.01,19999
1790804784,0,1342902155,0,1037031.97,19991.52,2126150.39,3323778.39,5704740.84,18091539.91,41975794.65,131328,560988159,5901446.94,12603208.08,1342902155,1000,1000,1000,0,0,0,0,0,0,1129790.97,1937902.56,2728745.92,1173957.40,19992
1790804785,0,1342922161,0,1036247.25,20007.37,2126088.95,3323737.44,5704658.92,18091376.07,41975794.63,131328,560988159,5901376.73,12603128.11,1342922161,1000,1000,1000,0,0,0,0,0,0,1161108.00,1884060.67,2299378.15,1188647.25,20006
1790804786,0,1342942171,0,1035463.70,20010.38,2126037.75,3323716.96,5704617.96,18091376.07,41975794.64,131328,560988159,5901306.37,12603048.31,1342942171,1000,1000,1000,0,0,0,0,0,0,1122100.55,1926612.83,2871379.54,1179090.67,20010
1790804787,0,1342962166,0,1034681.33,19994.55,2125976.31,3323675.99,5704536.04,18091212.23,41975794.62,131328,560988159,5901235.04,12602968.93,1342962166,1000,1000,1000,0,0,0,0,0,0,1040543.17,1894556.74,2970368.78,1110299.33,19995
1790804788,0,1342982168,0,1033900.17,20000.96,2125925.11,3323594.07,5704495.08,18091048.39,41975466.95,131328,560988159,5901164.46,12602889.43,1342982168,1000,1000,1000,0,0,0,0,0,0,1041543.28,2096062.80,3974315.22,1162381.60,20002
1790804789,0,1343002164,0,1033120.19,19996.66,2125863.67,3323573.59,5704372.20,18091048.39,41975139.25,131328,560988159,5901093.33,12602809.93,1343002164,1000,1000,1000,0,0,0,0,0,0,1063175.09,1962332.20,2648586.62,1123580.48,19996
1790804790,0,1343022157,0,1032341.44,19993.54,2125802.23,3323491.67,5704331.24,18090720.71,41974483.92,131328,560988159,5901022.44,12602730.33,1343022157,1000,1000,1000,0,0,0,0,0,0,1104889.78,1821602.04,2365442.94,1139415.99,19993
1790804791,0,1343042164,0,1031563.89,20005.53,2125771.51,3323430.23,5704290.28,18090393.02,41973828.56,131328,560988159,5900952.03,12602650.52,1343042164,1000,1000,1000,0,0,0,0,0,0,1118274.77,2025902.98,2720267.31,1174124.60,20007
1790804792,0,1343062162,0,1030787.47,19997.71,2125751.03,3323409.76,5704208.36,18090065.34,41973828.55,131328,560988159,5900881.47,12602570.79,1343062162,1000,1000,1000,0,0,0,0,0,0,1117745.10,1874033.09,2612481.18,1162500.99,19998
1790804793,0,1343082160,0,1030012.33,19998.70,2125689.59,3323389.28,5704208.36,18090065.34,41973500.87,131328,560988159,5900810.53,12602491.22,1343082160,1000,1000,1000,0,0,0,0,0,0,1084986.35,1852789.72,2646312.40,1136116.43,19998
1790804794,0,1343102157,0,1029238.41,19998.14,2125669.11,3323286.88,5704167.40,18090065.34,41973173.21,131328,560988159,5900740.95,12602411.28,1343102157,1000,1000,1000,0,0,0,0,0,0,1144847.21,2071909.61,3286134.57,1227581.39,19997
1790804795,0,1343122167,0,1028465.57,20008.81,2125566.71,3323266.40,5704126.44,18090065.34,41973173.20,131328,560988159,5900671.39,12602331.23,1343122167,1000,1000,1000,0,0,0,0,0,0,1129211.29,2182978.68,3607344.15,1231838.50,20010
1790804796,0,1343142163,0,1027693.92,19995.93,2125464.31,3323225.44,5704085.48,18090065.34,41972845.52,131328,560988159,5900602.09,12602251.26,1343142163,1000,1000,1000,0,0,0,0,0,0,1116863.76,2446625.31,3890424.39,1245722.35,19996
1790804797,0,1343162155,0,1026923.51,19992.33,2125423.35,3323164.00,5704044.52,18089737.66,41972845.52,131328,560988159,5900533.22,12602171.12,1343162155,1000,1000,1000,0,0,0,0,0,0,1161820.12,2528035.06,3683783.78,1273896.67,19992
1790804798,0,1343182170,0,1026154.25,20014.39,2125372.16,3323143.52,5703962.61,18089737.66,41972190.16,131328,560988159,5900463.61,12602091.24,1343182170,1000,1000,1000,0,0,0,0,0,0,1076085.07,2251565.60,4788587.88,1229024.43,20015
1790804799,0,1343202167,0,1025386.20,19998.61,2125290.23,3323143.52,5703921.65,18089573.82,41971862.49,131328,560988159,5900394.11,12602011.44,1343202167,1000,1000,1000,0,0,0,0,0,0,1074375.96,2453001.88,4218177.76,1231931.50,19997
1790804800,0,1343222165,0,1024619.21,19996.73,2125249.27,3323143.52,5703839.73,18089082.30,41971207.11,131328,560988159,5900325.13,12601931.40,1343222165,1000,1000,1000,0,0,0,0,0,0,1154382.44,2311338.18,3781902.59,1267254.97,19998
1790804801,0,1343242175,0,1023853.59,20010.51,2125187.84,3323082.08,5703839.73,18088918.46,41970879.44,131328,560988159,5900254.25,12601851.73,1343242175,1000,1000,1000,0,0,0,0,0,0,1095822.13,1876166.27,2431200.99,1142499.87,20010
1790804802,0,1343262173,0,1023088.91,19997.68,2125177.60,3323041.12,5703839.73,18088754.62,41970879.44,131328,560988159,5900182.65,12601772.38,1343262173,1000,1000,1000,0,0,0,0,0,0,1056649.02,1726647.13,2213545.15,1090568.44,19998
1790804803,0,1343282170,0,1022325.49,19997.44,2125136.64,3322979.68,5703798.76,18088754.62,41970551.78,131328,560988159,5900109.80,12601693.57,1343282170,1000,1000,1000,0,0,0,0,0,0,978187.97,1618223.43,1927557.25,1006333.29,19997
1790804804,0,1343302163,0,1021563.21,19993.01,2125024.00,3322938.72,5703757.81,18088590.78,41969896.41,131328,560988159,5900036.13,12601615.08,1343302163,1000,1000,1000,0,0,0,0,0,0,929925.65,1518847.76,1853859.09,950457.96,19993
1790804805,0,1343322162,0,1020802.09,19998.06,2124972.80,3322938.72,5703675.89,18088590.78,41969568.72,131328,560988159,5899965.20,12601535.50,1343322162,1000,1000,1000,0,0,0,0,0,0,1092833.93,1800167.24,2414118.91,1135774.94,19999
1790804806,0,1343342163,0,1020042.17,20000.61,2124921.60,3322877.28,5703593.97,18088590.78,41969241.03,131328,560988159,5899899.68,12601462.00,1343342163,1000,1000,1000,0,0,0,0,0,0,1127466.77,2081847.16,9235124.32,1499283.35,20001
1790804807,0,1343362166,0,1019283.40,20004.01,2124901.12,3322877.28,5703553.01,18088590.78,41969241.03,131328,560988159,5899849.26,12601401.99,1343362166,1000,1000,1000,0,0,0,0,0,0,1163659.38,6358679.94,30357321.47,2513868.45,20003
1790804808,0,1343382164,0,1018525.77,19997.92,2124808.96,3322836.32,5703471.09,18088426.94,41969241.05,131328,560988159,5899778.58,12601322.33,1343382164,1000,1000,1000,0,0,0,0,0,0,1119005.19,1880863.85,2431122.93,1152064.07,19998
1790804809,0,1344387912,0,1018515.69,1005677.63,2125653.69,3324563.20,5713845.28,18243718.56,43247169.33,131328,560988159,5995437.28,13182853.51,1344387912,1000,1000,1000,0,0,0,0,0,0,141484144.31,222461600.43,242581166.22,133767192.41,1005748
1790804810,0,1352077218,0,1023565.34,7689775.68,2132878.88,3339093.90,5789212.67,19291012.93,56287609.83,131328,560988159,6587232.77,16447822.28,1352077218,1000,1000,1000,0,0,0,0,0,0,105894105.81,201452028.56,240408034.97,110055959.87,7689306
1790804811,0,1362677933,0,1030818.03,10601399.48,2143218.01,3358670.27,5877006.51,20080993.42,65638534.50,131328,560988159,6857584.60,17316849.12,1362677933,1000,1000,1000,0,0,0,0,0,0,23485935.36,124065997.69,157156143.74,41339838.58,10600715
1790804812,0,1372791675,0,1037675.84,10113277.19,2152664.06,3376831.36,5945806.89,20267825.62,65324417.82,131328,560988159,6896450.92,17282526.00,1372791675,1000,1000,1000,0,0,0,0,0,0,8898564.01,33309059.63,47354024.97,12133116.63,10113742
1790804813,0,1382778016,0,1044434.97,9986762.42,2162095.10,3394893.62,6014869.54,20573326.12,65943946.91,131328,560988159,6956066.72,17287492.57,1382778016,1000,1000,1000,0,0,0,0,0,0,9387791.65,47099597.83,71926174.04,15151266.96,9986341
1790804814,0,1392768288,0,1051186.76,9990323.75,2171531.56,3413413.19,6089308.65,20792962.32,65733393.28,131328,560988159,7000959.55,17259762.33,1392768288,1000,1000,1000,0,0,0,0,0,0,9568035.37,35787740.29,55164690.04,13214686.52,9990272
1790804815,0,1402710182,0,1057891.97,9941552.16,2180930.06,3431517.75,6162663.94,20997150.32,65526085.08,131328,560988159,7045127.02,17231178.58,1402710182,1000,1000,1000,0,0,0,0,0,0,9888879.46,35389857.56,55410365.77,13232584.94,9941894
1790804816,0,1412764604,0,1064671.91,10054834.22,2190404.63,3449684.99,6226292.82,21198603.56,65603540.05,131328,560988159,7088954.74,17216123.89,1412764604,1000,1000,1000,0,0,0,0,0,0,8681750.68,41639592.00,66761853.88,13203437.24,10054422
1790804817,0,1422782109,0,1071413.78,10017228.68,2199698.47,3468314.70,6299113.12,21416855.62,65536463.26,131328,560988159,7133978.40,17193414.14,1422782109,1000,1000,1000,0,0,0,0,0,0,9611033.95,36956358.65,56761919.72,13483646.93,10017505
1790804818,0,1432753456,0,1078110.75,9971807.85,2209128.74,3486438.81,6364366.06,21624058.19,65301132.01,131328,560988159,7174539.97,17168950.06,1432753456,1000,1000,1000,0,0,0,0,0,0,8953683.20,37018733.55,54212207.93,12962150.13,9971347
1790804819,0,1442774545,0,1084835.01,10020506.84,2218412.90,3505049.88,6430184.53,21891453.79,65973329.96,131328,560988159,7226715.38,17168026.03,1442774545,1000,1000,1000,0,0,0,0,0,0,8968841.68,48156114.12,70858592.83,14686434.81,10021089
1790804820,0,1452744482,0,1091510.76,9970081.64,2227630.73,3523316.89,6497409.05,22099746.93,65947887.00,131328,560988159,7269482.59,17150159.96,1452744482,1000,1000,1000,0,0,0,0,0,0,8985999.88,41028320.55,63584098.35,13458431.39,9969937
1790804821,0,1462750897,0,1098203.90,10006858.22,2237012.82,3541538.95,6561426.27,22314123.47,66009513.53,131328,560988159,7312564.45,17134666.18,1462750897,1000,1000,1000,0,0,0,0,0,0,9062238.93,39907192.71,64605899.87,13567246.23,10006415
1790804822,0,1472671520,0,1104822.57,9919833.56,2246063.51,3559670.30,6623787.18,22471059.30,65798627.71,131328,560988159,7347148.54,17107810.23,1472671520,1000,1000,1000,0,0,0,0,0,0,8742836.36,35314421.07,55260850.87,12446415.68,9920623
1790804823,0,1482512207,0,1111379.82,9841323.97,2255242.73,3577923.53,6684262.25,22747697.87,66260658.52,131328,560988159,7398503.07,17117255.60,1482512207,1000,1000,1000,0,0,0,0,0,0,8939047.97,50641361.98,76390129.82,15083774.19,9840687
1790804824,0,1492735679,0,1118197.32,10223356.36,2264681.33,3596796.49,6746253.20,22979560.06,66908992.92,131328,560988159,7448354.62,17130834.54,1492735679,1000,1000,1000,0,0,0,0,0,0,8779983.71,47991555.03,70735780.43,14677360.22,10223472
1790804825,0,1502769412,0,1124870.85,10033266.14,2273905.34,3615822.39,6812161.96,23133859.68,66714518.47,131328,560988159,7482753.47,17100467.20,1502769412,1000,1000,1000,0,0,0,0,0,0,9177805.21,33563576.25,51694372.89,12600328.96,10033733
1790804826,0,1512712982,0,1131467.03,9943531.72,2283062.85,3634770.46,6874015.08,23344034.56,66640540.30,131328,560988159,7522443.87,17081566.17,1512712982,1000,1000,1000,0,0,0,0,0,0,9322742.81,38788752.20,56565249.11,13520845.25,9943570
1790804827,0,1522761509,0,1138131.77,10048658.89,2292240.12,3654344.74,6942159.07,23663805.36,66957931.26,131328,560988159,7577770.73,17088501.26,1522761509,1000,1000,1000,0,0,0,0,0,0,10101962.51,48453141.62,67977452.38,15906718.50,10048527
1790804828,0,1532707301,0,1144709.78,9945261.02,2301315.61,3672236.41,6994839.61,23834748.77,66782157.22,131328,560988159,7609340.70,17064720.52,1532707301,1000,1000,1000,0,0,0,0,0,0,8212776.11,37289756.12,56084109.40,12442897.02,9945792
1790804829,0,1542595442,0,1151243.61,9888880.94,2310138.31,3691115.46,7058404.68,24048925.82,67067515.99,131328,560988159,7653415.04,17057647.66,1542595442,1000,1000,1000,0,0,0,0,0,0,9607998.50,45766588.42,67017269.81,14485139.40,9888141
1790804830,0,1552758973,0,1157955.93,10164158.37,2319381.93,3711211.15,7122394.67,24275052.33,67462100.83,131328,560988159,7701090.38,17059237.46,1552758973,1000,1000,1000,0,0,0,0,0,0,9610529.81,47885338.60,74945467.27,14937134.89,10163531
1790804831,0,1562747935,0,1164536.62,9988373.18,2328424.60,3730914.79,7185252.90,24475620.29,67582487.84,131328,560988159,7743782.50,17052331.22,1562747935,1000,1000,1000,0,0,0,0,0,0,9637425.69,42938056.11,68303381.67,14380164.76,9988962
1790804832,0,1572764890,0,1171128.39,10016981.88,2337380.28,3751307.86,7253696.71,24741664.03,67852265.61,131328,560988159,7795625.05,17057816.07,1572764890,1000,1000,1000,0,0,0,0,0,0,10087589.94,48670137.68,73493815.54,15883596.09,10016955
1790804833,0,1582735802,0,1177676.15,9971189.52,2346416.08,3771160.47,7313653.33,24997941.91,67992914.22,131328,560988159,7841596.66,17054912.03,1582735802,1000,1000,1000,0,0,0,0,0,0,9603761.43,45675241.72,68220340.92,15092943.35,9970912
1790804834,0,1592780564,0,1184269,10044676.49,2355108.26,3791920.89,7384674.84,25143230.64,67896035.09,131328,560988159,7879118.52,17035416.17,1592780564,1000,1000,1000,0,0,0,0,0,0,10195737.35,37613804.16,55517506.35,13791372.84,10044762
1790804835,0,1602655269,0,1190734.64,9875210.49,2363981.78,3812341.73,7453712.76,25329480.99,67762935.27,131328,560988159,7919524.31,17020191.08,1602655269,1000,1000,1000,0,0,0,0,0,0,10000568.90,40973173.95,58974381.58,14436939.99,9874705
1790804836,0,1612727416,0,1197319.42,10071323.12,2372865.51,3831066.81,7507325.67,25426537.96,67487513.56,131328,560988159,7945593.64,16989883.83,1612727416,1000,1000,1000,0,0,0,0,0,0,8793351.17,32735703.11,51085874.70,12093681.86,10072147
1790804837,0,1622642194,0,1203795.62,9914883.87,2381502.24,3850016.22,7559545.80,25588289.28,67404740.75,131328,560988159,7979236.57,16973984.01,1622642194,1000,1000,1000,0,0,0,0,0,0,8615109.14,40871731.00,60545447.20,13451559.99,9914778
1790804838,0,1632740689,0,1210380.44,10098630.53,2390453.62,3869713.83,7615307.96,25800287.69,67514257.90,131328,560988159,8020513.05,16968985.26,1632740689,1000,1000,1000,0,0,0,0,0,0,9297121.93,45983228.72,67950761.94,14652882.51,10098495
1790804839,0,1642774911,0,1216916.93,10034119.04,2399335.79,3890501.30,7675560.59,26009209.61,67847674.15,131328,560988159,8066250.44,16982151.00,1642774911,1000,1000,1000,0,0,0,0,0,0,9724758.66,50376117.38,76101977.81,15508512.45,10034222
1790804840,0,1652657521,0,1223340.49,9882065.85,2407856.39,3911409.32,7735171.26,26160366.10,68147477.42,131328,560988159,8106307.67,16983688.48,1652657521,1000,1000,1000,0,0,0,0,0,0,9403096.95,48159591.91,70825393.79,14764974.89,9882610
1790804841,0,1662764816,0,1229902.67,10107798.56,2416741.50,3932935.60,7797250.43,26302136.14,68164572.95,131328,560988159,8142375.09,16974318.28,1662764816,1000,1000,1000,0,0,0,0,0,0,9804821.42,42463108.90,61726947.35,14039807.37,10107295
1790804842,0,1672748109,0,1236372.54,9983192.48,2425550.78,3954354.23,7855737.88,26391872.34,67940374.56,131328,560988159,8169532.87,16944285.28,1672748109,1000,1000,1000,0,0,0,0,0,0,9301305.92,32503815.40,48984467.45,12692789.23,9983293
1790804843,0,1682736874,0,1242836.93,9989197.88,2434134.83,3974622.88,7909820.66,26526788.12,67814831.50,131328,560988159,8201776.44,16926995.92,1682736874,1000,1000,1000,0,0,0,0,0,0,9394515.85,39489903.65,56422439.02,13601381.17,9988765
1790804844,0,1692777700,0,1249330.13,10039759.34,2442659.61,3996479.12,7972023.29,26705552.41,67728775.36,131328,560988159,8241395.30,16914441.16,1692777700,1000,1000,1000,0,0,0,0,0,0,10477061.97,41787755.07,61360437.41,14881098.73,10040826
1790804845,0,1702777305,0,1255783.42,10000645.89,2451334.47,4018228.25,8028507.71,26840917.68,67738457.63,131328,560988159,8276067.94,16900648.36,1702777305,1000,1000,1000,0,0,0,0,0,0,9521434.21,41081063.16,61325977.90,14145607.84,9999605
1790804846,0,1712761504,0,1262215.78,9983873.42,2459967.88,4039611.91,8083224.31,26912754.59,67633572.61,131328,560988159,8303229.23,16875619.91,1712761504,1000,1000,1000,0,0,0,0,0,0,9366684.61,35131747.58,50144085.21,12935511.17,9984199
1790804847,0,1722725421,0,1268623.82,9964367.33,2468466.70,4060398.79,8137745.01,27054779.75,67577933.46,131328,560988159,8337953.87,16863008.15,1722725421,1000,1000,1000,0,0,0,0,0,0,9739892.20,41620021.32,61487032.87,14306994.05,9963917
1790804848,0,1732769864,0,1275081.65,10044511.81,2477068.02,4082532.48,8192266.50,27128769.48,67512625.02,131328,560988159,8365537.45,16840487.83,1732769864,1000,1000,1000,0,0,0,0,0,0,9532592.93,36246313.64,52787005.50,13096405.96,10044443
1790804849,0,1742637492,0,1281409.36,9867466.56,2485324.90,4103037.52,8241726.57,27296358.23,67618610.35,131328,560988159,8402287.97,16837657.59,1742637492,1000,1000,1000,0,0,0,0,0,0,9192922.19,48437479.61,69093841.00,14855732.54,9867628
1790804850,0,1752757220,0,1287894.20,10120132.19,2494060.07,4124990.75,8291104.75,27464108.24,68018637.41,131328,560988159,8443989.24,16855604.92,1752757220,1000,1000,1000,0,0,0,0,0,0,9289404.49,52491000.89,82083390.64,15625031.71,10119728
1790804851,0,1762765783,0,1294297.12,10007453.28,2502403.22,4145376.45,8338348.34,27573201.15,68022995.47,131328,560988159,8473498.14,16842812.39,1762765783,1000,1000,1000,0,0,0,0,0,0,9003837.75,40918933.67,61537146.17,13641266.42,10008563
1790804852,0,1772702980,0,1300638.44,9937231.82,2510635.75,4166303.00,8388368.88,27772101.42,68230213.75,131328,560988159,8516233.55,16853287.41,1772702980,1000,1000,1000,0,0,0,0,0,0,9906869.28,52782663.39,74932209.30,16097096.01,9937197
1790804853,0,1782771786,0,1307067.04,10069228.42,2519038.72,4187865.39,8431459.78,27863133.97,68226919.35,131328,560988159,8542450.65,16839346.30,1782771786,1000,1000,1000,0,0,0,0,0,0,8546519.54,41708494.99,62008131.30,13158205.36,10068806
1790804854,0,1792740868,0,1313413.10,9969179.33,2527298.27,4208902.97,8478552.47,28015545.01,68450060.01,131328,560988159,8579576.70,16845442.09,1792740868,1000,1000,1000,0,0,0,0,0,0,9122559.93,51707831.27,75349420.40,15218830.31,9969082
1790804855,0,1802764567,0,1319789.89,10024043.58,2535631.24,4229666.01,8522758.24,28148413.93,68617384.32,131328,560988159,8612546.15,16843275.65,1802764567,1000,1000,1000,0,0,0,0,0,0,8910682.50,48766199.70,74434554.02,14509139.69,10023699
1790804856,0,1812580485,0,1326014.96,9815686.82,2543704.05,4251148.26,8570362.21,28259136.46,68801257.40,131328,560988159,8645523.16,16841453.09,1812580485,1000,1000,1000,0,0,0,0,0,0,9445061.53,47334641.76,74109615.97,14701991.59,9815918
1790804857,0,1822737016,0,1332460.52,10156241.48,2552251.59,4273264.37,8618223.69,28319202.78,68763372.00,131328,560988159,8672242.41,16834247.76,1822737016,1000,1000,1000,0,0,0,0,0,0,9391346.40,38360613.66,54613673.25,13440680.60,10156531
1790804858,0,1831769685,0,1338124.53,9030530.39,2559712.69,4293133.93,8662846.13,28439778.69,68735054.79,131328,560988159,8702467.59,16839650.08,1831769685,1000,1000,1000,0,0,0,0,0,0,9876613.12,44650323.62,68152521.25,14801722.37,9032669
1790804859,0,1838732163,0,1342178.02,7015326.83,2565297.37,4310182.76,8718563.93,28828743.43,72534182.92,131328,1083179007,9007524.06,19711988.36,1838731483,1000,1000,1000,0,0,0,0,0,0,47306338.92,313884411.68,397654103.24,89273167.29,6961798
1790804860,0,1852664574,0,1351374.60,14163986,2576751.26,4343504.50,8824402.82,29843019.07,88252762.12,131328,1084227583,10186508.87,31921044.77,1852664574,1000,1000,1000,0,0,0,0,0,0,64929881.78,586556982.65,693436607.48,165775565.49,13933091
1790804861,0,1862651771,0,1357679.12,9986978.46,2584969.14,4366977.62,8878566.03,29906181.68,88001189.72,131328,1084227583,10206672.12,31852752.40,1862651771,1000,1000,1000,0,0,0,0,0,0,10116575.66,40168809.56,63264994.38,13947035.40,9987197
1790804862,0,1872711718,0,1364007.65,10060276.53,2593348.86,4390779.32,8928931.76,30046569.48,87908845.59,131328,1084227583,10237526.42,31794735.09,1872711718,1000,1000,1000,0,0,0,0,0,0,10075592.99,51594874.67,75285229.27,15950361.07,10059947
1790804863,0,1882757581,0,1370326.53,10046300.98,2601482.08,4415217.64,8995972.84,30229047.58,87857953.76,131328,1084227583,10277163.94,31739257.11,1882757581,1000,1000,1000,0,0,0,0,0,0,12229194.09,51059684.30,76498307.47,17666239.70,10045863
1790804864,0,1892740901,0,1376590.71,9983166.96,2609696.25,4438746.59,9051214.59,30414943.74,87796416.70,131328,1084227583,10312940.97,31686990.20,1892740901,1000,1000,1000,0,0,0,0,0,0,10875663.16,52834108.11,75523073.51,17060143.01,9983320
1790804865,0,1902710814,0,1382836.08,9969237.91,2617640.51,4461598.73,9099469.71,30511959.01,87384662.30,131328,1084227583,10333406.07,31619316.08,1902710814,1000,1000,1000,0,0,0,0,0,0,9985565.64,39970433.57,57955455.06,14218608.04,9969913
1790804866,0,1912733372,0,1389110.64,10022872.21,2625674.23,4483825.59,9140024.66,30585672.64,86972553.77,131328,1084227583,10349833.36,31549859.83,1912733372,1000,1000,1000,0,0,0,0,0,0,9263817.95,38385697.26,55973232.50,13468436.78,10022558
1790804867,0,1922717887,0,1395348.47,9984948.51,2633733.85,4506797.66,9189814.14,30745569.26,86700357.14,131328,1084227583,10379975.71,31492180.50,1922717887,1000,1000,1000,0,0,0,0,0,0,10308998.73,50174682.60,71070366.12,16154346.66,9984515
1790804868,0,1932688544,0,1401567.20,9970391.93,2641742.69,4526575.34,9224981.23,30797084.02,86379906.41,131328,1084227583,10393748.92,31426100.51,1932688544,1000,1000,1000,0,0,0,0,0,0,8747468.42,37968830.33,61246615.02,13049740.35,9970657
1790804869,0,1941432296,0,1406888.25,8743475.28,2648670.19,4546770.36,9270669.53,30896754.46,86264404.58,131328,1084227583,10418648.03,31377957.98,1941432296,1000,1000,1000,0,0,0,0,0,0,10933156.85,46587431.86,69722801.97,15922262.75,8743752
1790804870,0,1943398368,0,1407293.39,1966041.14,2650235.04,4551680.64,9284484.16,30942329.27,86390282.78,131328,1084227583,10429038.80,31371680.81,1943398368,1000,1000,1000,0,0,0,0,0,0,14589782.55,56942555.26,68342115.49,20689583.31,1966072
1790804871,0,1943418379,0,1406289.46,20011.48,2650173.60,4551680.64,9284320.32,30942329.26,86390282.66,131328,1084227583,10428944.30,31371533.84,1943418379,1000,1000,1000,0,0,0,0,0,0,1174582.52,2219687.84,2761286.56,1251104.73,20011
1790804872,0,1943438371,0,1405286.96,19991.66,2650132.64,4551639.68,9284238.40,30942329.26,86390282.79,131328,1084227583,10428850.40,31371386.91,1943438371,1000,1000,1000,0,0,0,0,0,0,1232174.40,2200285.50,3331243.31,1301270.30,19992
1790804873,0,1943458381,0,1404286.01,20009.24,2650091.69,4551516.80,9284074.56,30942001.57,86388971.83,131328,1084227583,10428756.29,31371239.85,1943458381,1000,1000,1000,0,0,0,0,0,0,1219800.08,2287393.93,2904668.29,1288454.45,20010
1790804874,0,1943478374,0,1403286.47,19993.25,2650050.72,4551475.84,9283828.80,30941837.75,86387005.87,131328,1084227583,10428661.98,31371093.06,1943478374,1000,1000,1000,0,0,0,0,0,0,1168332.81,2238178.18,3304251.30,1261072.58,19993
1790804875,0,1943498369,0,1402288.43,19995.71,2650050.73,4551475.84,9283828.80,30941837.74,86387005.83,131328,1084227583,10428567.83,31370946.12,1943498369,1000,1000,1000,0,0,0,0,0,0,1230310.83,2197550.06,2787440.18,1276948.97,19995
1790804876,0,1943518377,0,1401291.83,20008.02,2650030.25,4551414.40,9283746.89,30941673.90,86387005.90,131328,1084227583,10428472.83,31370799.41,1943518377,1000,1000,1000,0,0,0,0,0,0,1137668.94,2076274.67,2806243.47,1200752.28,20008
1790804877,0,1943538375,0,1400296.64,19998.26,2649989.28,4551373.44,9283664.96,30941510.06,86386350.54,131328,1084227583,10428376.16,31370653.25,1943538375,1000,1000,1000,0,0,0,0,0,0,982772.32,1749186.65,2326884.46,1033885.82,19998
1790804878,0,1943558366,0,1399302.82,19989.91,2649927.84,4551373.44,9283583.05,30941182.38,86385695.16,131328,1084227583,10428281.49,31370506.55,1943558366,1000,1000,1000,0,0,0,0,0,0,1155813.48,2088647.21,2922496.90,1224100.29,19991
1790804879,0,1943578378,0,1398310.47,20011.83,2649907.36,4551373.44,9283501.12,30941018.56,86385039.90,131328,1084227583,10428187.30,31370359.56,1943578378,1000,1000,1000,0,0,0,0,0,0,1217765.75,2150704.43,3136362.61,1280425.65,20012
1790804880,0,1943598375,0,1397319.59,19998.17,2649825.44,4551332.48,9283419.20,30941018.56,86385039.87,131328,1084227583,10428092.89,31370212.72,1943598375,1000,1000,1000,0,0,0,0,0,0,1192756.73,2120546.05,3073750.00,1252139.52,19997
1790804881,0,1943618370,0,1396330.10,19994.40,2649825.44,4551332.48,9283419.20,30941018.55,86385039.82,131328,1084227583,10427998.50,31370065.90,1943618370,1000,1000,1000,0,0,0,0,0,0,1207069.97,2100511.48,2756870.49,1252732.09,19995
1790804882,0,1943638364,0,1395341.95,19994.23,2649784.48,4551332.48,9283419.20,30940854.71,86384384.47,131328,1084227583,10427904.99,31369918.88,1943638364,1000,1000,1000,0,0,0,0,0,0,1233601.62,2418482.04,3833691.21,1337933.57,19994
1790804883,0,1943658361,0,1394355.34,19997.29,2649743.52,4551230.08,9283419.21,30940854.71,86384384.43,131328,1084227583,10427810.89,31369772.00,1943658361,1000,1000,1000,0,0,0,0,0,0,1207380.77,2220691.58,2943355.06,1281785.23,19997
1790804884,0,1943678367,0,1393370.14,20005.42,2649620.64,4551148.16,9283337.28,30940854.71,86383729.10,131328,1084227583,10427716.16,31369625.21,1943678367,1000,1000,1000,0,0,0,0,0,0,1182451.76,2053029.68,2442870.11,1224391.01,20006
1790804885,0,1943698376,0,1392386.31,20010.07,2649620.64,4551148.16,9283173.44,30940527.03,86383073.67,131328,1084227583,10427621.64,31369478.32,1943698376,1000,1000,1000,0,0,0,0,0,0,1193268.19,2116649.07,2566266.29,1245836.63,20009
1790804886,0,1943718366,0,1391403.94,19989.73,2649579.68,4551148.16,9283173.44,30940363.19,86382418.42,131328,1084227583,10427527.18,31369331.58,1943718366,1000,1000,1000,0,0,0,0,0,0,1195640.58,2094833.30,2785159.03,1243072.83,19990
1790804887,0,1943738367,0,1390422.87,20000.91,2649518.24,4551066.24,9283091.52,30940199.35,86381107.67,131328,1084227583,10427432.84,31369184.73,1943738367,1000,1000,1000,0,0,0,0,0,0,1217373.14,2078036.33,2701085.01,1259060.70,20001
1790804888,0,1943758368,0,1389443.19,20000.69,2649477.28,4551004.80,9283009.60,30940199.35,86381107.68,131328,1084227583,10427338.97,31369037.72,1943758368,1000,1000,1000,0,0,0,0,0,0,1245557.46,2139000.35,3207471.62,1304728.10,20001
1790804889,0,1943778364,0,1388465.04,19996.10,2649415.84,4550881.92,9282845.76,30939380.15,86380452.32,131328,1084227583,10427244.71,31368890.87,1943778364,1000,1000,1000,0,0,0,0,0,0,1199255.73,2157803.49,2930330.99,1264466.72,19996
1790804890,0,1943798374,0,1387488.30,20010.13,2649333.92,4550840.96,9282763.84,30939380.15,86379796.90,131328,1084227583,10427150.03,31368744.05,1943798374,1000,1000,1000,0,0,0,0,0,0,1181403.48,2058747.47,2622560.13,1229742.68,20010
1790804891,0,1943818373,0,1386512.84,20000.24,2649252.00,4550840.96,9282763.84,30939380.15,86378486.13,131328,1084227583,10427055.21,31368597.34,1943818373,1000,1000,1000,0,0,0,0,0,0,1175860.65,1934628.80,2546274.61,1211458.55,19999
1790804892,0,1943838369,0,1385538.80,19995.06,2649190.56,4550840.96,9282518.08,30938888.62,86377175.37,131328,1084227583,10426961.06,31368450.46,1943838369,1000,1000,1000,0,0,0,0,0,0,1225619.00,2046842.52,2734492.98,1274047.97,19996
1790804893,0,1943858367,0,1384566.13,19998.28,2649149.60,4550840.96,9282354.24,30938888.62,86372587.80,131328,1084227583,10426866.95,31368303.56,1943858367,1000,1000,1000,0,0,0,0,0,0,1223125.93,2210326.71,2894909.98,1279619.55,19998
1790804894,0,1943878363,0,1383594.90,19995.66,2649149.60,4550759.05,9282272.32,30938724.79,86371932.51,131328,1084227583,10426772.54,31368156.80,1943878363,1000,1000,1000,0,0,0,0,0,0,1197587.94,2073070.82,2744253.04,1249027.96,19996
1790804895,0,1943898372,0,1382625.02,20008.83,2649108.64,4550718.09,9282272.32,30938724.79,86368655.73,131328,1084227583,10426677.86,31368010.01,1943898372,1000,1000,1000,0,0,0,0,0,0,1168311.86,2083986.59,2710076.49,1228752.55,20009
1790804896,0,1943918370,0,1381656.59,19998.30,2649006.24,4550636.16,9282190.40,30938560.95,86368655.71,131328,1084227583,10426583.28,31367863.28,1943918370,1000,1000,1000,0,0,0,0,0,0,1176218.79,2103160.69,2716708.79,1232810.84,19998
1790804897,0,1943938369,0,1380689.41,19999.02,2648965.28,4550533.76,9282108.48,30938233.27,86368000.32,131328,1084227583,10426488.62,31367716.54,1943938369,1000,1000,1000,0,0,0,0,0,0,1181492.19,1978953.88,2738214.78,1225542.16,19999
1790804898,0,1943958369,0,1379723.59,19998.40,2648965.28,4550472.32,9282108.48,30938069.43,86367345.01,131328,1084227583,10426393.80,31367569.87,1943958369,1000,1000,1000,0,0,0,0,0,0,1168516.63,2001074.05,2445709.95,1209517.84,20000
1790804899,0,1943978361,0,1378759.21,19993.24,2648944.80,4550390.40,9282108.48,30937741.74,86366034.23,131328,1084227583,10426300.13,31367422.90,1943978361,1000,1000,1000,0,0,0,0,0,0,1223020.71,2405090.52,3567154.94,1318842.73,19992
1790804900,0,1943998368,0,1377796.22,20007.20,2648862.88,4550390.40,9282108.48,30937414.06,86366034.37,131328,1084227583,10426205.68,31367276.08,1943998368,1000,1000,1000,0,0,0,0,0,0,1211386.85,2039828.60,2529712.77,1248417.88,20007
1790804901,0,1944018369,0,1376834.61,20000.94,2648780.96,4550247.04,9282108.48,30937250.22,86365379.06,131328,1084227583,10426111.00,31367129.37,1944018369,1000,1000,1000,0,0,0,0,0,0,1175067.39,1984372.56,2762472.13,1224316.10,20001
1790804902,0,1944038375,0,1375874.32,20005.82,2648740.00,4550165.12,9282108.48,30936922.54,86364723.68,131328,1084227583,10426016.34,31366982.62,1944038375,1000,1000,1000,0,0,0,0,0,0,1168111.57,2095951.13,2963688.76,1227468.07,20006
1790804903,0,1944058368,0,1374915.40,19993.44,2648678.56,4550042.25,9281944.64,30936594.84,86364068.02,131328,1084227583,10425922.04,31366835.80,1944058368,1000,1000,1000,0,0,0,0,0,0,1197771.72,2142471.59,2820475.96,1256236.47,19993
1790804904,0,1944078360,0,1373957.81,19991.36,2648658.08,4549837.45,9281944.64,30936103.35,86364068.30,131328,1084227583,10425827.86,31366689.06,1944078360,1000,1000,1000,0,0,0,0,0,0,1225061.39,2083217.13,2650065.00,1267982.59,19992
1790804905,0,1944098363,0,1373001.63,20003.41,2648596.64,4549755.53,9281780.81,30935939.49,86364068.09,131328,1084227583,10425733.66,31366542.14,1944098363,1000,1000,1000,0,0,0,0,0,0,1222603.65,2134887.93,2801166.64,1270631.74,20003
1790804906,0,1944118375,0,1372046.70,20011.88,2648514.72,4549714.57,9281780.81,30935120.29,86363412.71,131328,1084227583,10425639.62,31366395.16,1944118375,1000,1000,1000,0,0,0,0,0,0,1227756.81,2194967.51,2763236.90,1289642.60,20012
1790804907,0,1944138380,0,1371093.22,20005.81,2648432.80,4549571.20,9281780.81,30935120.29,86361446.61,131328,1084227583,10425545.08,31366248.38,1944138380,1000,1000,1000,0,0,0,0,0,0,1182354.09,2090323.70,2592314.61,1237776.92,20005
1790804908,0,1944158370,0,1370141.06,19989.31,2648391.84,4549448.33,9281780.81,30934792.62,86361446.64,131328,1084227583,10425450.32,31366101.80,1944158370,1000,1000,1000,0,0,0,0,0,0,1156574.65,1978424.73,2748371.25,1209401.96,19990
1790804909,0,1944178368,0,1369190.24,19998.76,2648391.84,4549304.97,9281780.81,30934792.62,86359808.28,131328,1084227583,10425355.91,31365955.06,1944178368,1000,1000,1000,0,0,0,0,0,0,1198798.23,2134532.12,2683630.08,1247855.40,19998
1790804910,0,1944198373,0,1368240.63,20003.80,2648309.92,4549161.60,9281780.81,30934628.78,86359808.28,131328,1084227583,10425261.21,31365808.33,1944198373,1000,1000,1000,0,0,0,0,0,0,1185468.85,1995921.34,2470299.77,1221469.83,20005
1790804911,0,1944218378,0,1367292.57,20006.01,2648289.44,4549161.60,9281535.05,30934301.11,86359808.37,131328,1084227583,10425167.10,31365661.45,1944218378,1000,1000,1000,0,0,0,0,0,0,1190445.81,2256786.18,3712020.55,1278998.39,20005
1790804912,0,1944238387,0,1366345.67,20007.66,2648248.48,4549100.16,9281453.13,30934137.26,86358497.60,131328,1084227583,10425072.86,31365514.56,1944238387,1000,1000,1000,0,0,0,0,0,0,1204052.48,2225436.00,2794932.51,1268015.71,20009
1790804913,0,1944258376,0,1365400.20,19990.06,2648187.04,4549059.20,9281371.21,30933973.42,86357842.21,131328,1084227583,10424978.49,31365367.86,1944258376,1000,1000,1000,0,0,0,0,0,0,1192607.16,2164156.63,2627996.72,1246380.29,19989
1790804914,0,1944278366,0,1364456.03,19990.01,2648187.04,4549059.20,9281289.29,30933809.59,86357186.92,131328,1084227583,10424884.22,31365221.15,1944278366,1000,1000,1000,0,0,0,0,0,0,1195605.49,2083375.20,2961985.29,1255407.06,19990
1790804915,0,1944298383,0,1363513.21,20016.97,2648105.12,4549018.24,9281289.29,30933645.75,86352599.31,131328,1084227583,10424790.12,31365074.15,1944298383,1000,1000,1000,0,0,0,0,0,0,1223673.78,2186612.34,2935951.62,1284755.01,20017
1790804916,0,1944318381,0,1362571.58,19996.91,2648084.64,4548977.28,9281207.36,30933154.22,86351944.02,131328,1084227583,10424697.00,31364927.10,1944318381,1000,1000,1000,0,0,0,0,0,0,1242680.25,2682971.17,4248490.41,1371082.50,19998
1790804917,0,1944338374,0,1361631.36,19994.07,2648002.72,4548977.28,9281207.36,30932990.38,86349977.86,131328,1084227583,10424603.23,31364780.34,1944338374,1000,1000,1000,0,0,0,0,0,0,1175579.86,2281538.61,4929907.56,1305725.47,19993
1790804918,0,1944358360,0,1360692.48,19985.33,2647961.76,4548895.36,9281125.45,30932990.38,86349322.42,131328,1084227583,10424508.98,31364633.68,1944358360,1000,1000,1000,0,0,0,0,0,0,1204614.78,2083682.32,2772548.63,1255192.47,19986
1790804919,0,1944378375,0,1359754.97,20015.41,2647961.76,4548833.92,9280961.61,30932990.39,86349322.62,131328,1084227583,10424414.82,31364486.72,1944378375,1000,1000,1000,0,0,0,0,0,0,1223193.12,2160444.18,3095896.49,1277348.48,20015
1790804920,0,1944398367,0,1358818.72,19992.80,2647900.32,4548813.44,9280797.77,30932662.69,86348011.79,131328,1084227583,10424320.47,31364340.00,1944398367,1000,1000,1000,0,0,0,0,0,0,1180328.80,2193595.90,2827184.63,1248456.35,19992
1790804921,0,1944418365,0,1357883.67,19996.44,2647859.36,4548813.44,9280715.85,30932498.84,86347356.38,131328,1084227583,10424226.26,31364193.21,1944418365,1000,1000,1000,0,0,0,0,0,0,1197436.50,2149254.46,3078008.23,1263743.32,19998
1790804922,0,1944438368,0,1356950.07,20004.54,2647797.92,4548731.52,9280633.93,30932498.86,86346701.19,131328,1084227583,10424131.58,31364046.55,1944438368,1000,1000,1000,0,0,0,0,0,0,1185223.79,1944782.53,2458088.30,1220758.97,20003
1790804923,0,1944458371,0,1356017.70,20001.45,2647736.48,4548690.56,9280470.09,30932007.32,86346700.97,131328,1084227583,10424037.17,31363899.77,1944458371,1000,1000,1000,0,0,0,0,0,0,1196936.72,2147894.88,2648041.86,1246531.93,20003
1790804924,0,1944478368,0,1355086.57,19997.95,2647695.52,4548690.56,9280306.25,30931843.48,86346700.98,131328,1084227583,10423942.53,31363753.14,1944478368,1000,1000,1000,0,0,0,0,0,0,1158243.37,1999284.72,3174918.19,1221458.66,19997
1790804925,0,1944498364,0,1354156.84,19995.51,2647634.08,4548649.60,9280224.33,30931515.80,86346045.71,131328,1084227583,10423848.47,31363606.39,1944498364,1000,1000,1000,0,0,0,0,0,0,1192158.48,2338501.85,3461376.69,1277181.93,19996
1790804926,0,1944518374,0,1353228.43,20010.02,2647593.12,4548567.69,9280224.33,30931024.29,86345390.33,131328,1084227583,10423753.83,31363459.64,1944518374,1000,1000,1000,0,0,0,0,0,0,1172333.00,2068524.70,2675463.47,1227081.44,20010
1790804927,0,1944538375,0,1352301.24,20001.55,2647531.68,4548567.68,9280142.41,30931024.28,86345390.27,131328,1084227583,10423659.55,31363312.86,1944538375,1000,1000,1000,0,0,0,0,0,0,1184504.82,2188763.85,2989467.40,1257390.58,20001
1790804928,0,1944558370,0,1351375.35,19994.83,2647511.20,4548567.68,9279896.64,30930860.43,86344079.47,131328,1084227583,10423565.16,31363166.17,1944558370,1000,1000,1000,0,0,0,0,0,0,1175129.11,2138007.86,2912724.52,1243940.32,19995
1790804929,0,1944575902,0,1350449.03,17531.94,2647490.78,4548526.94,9279814.87,30930860.11,86344085.03,131328,1084227583,10423482.44,31363039.99,1944575902,1000,1000,1000,0,0,0,0,0,0,1195860.86,2152424.34,2741578.29,1249167.24,17532
1790804930,0,1944579000,0,1349691.80,3097.82,2647490.87,4548527.15,9279814.99,30930860.11,86344085.15,131328,1084227583,10423467.75,31363017.97,1944579000,1000,1000,1000,0,0,0,0,0,0,1168829.55,1844789.54,2016872.44,1202078.57,3098
1790804931,0,1944579000,0,1349102.15,0,2647490.87,4548527.15,9279814.99,30930860.11,86344085.15,131328,1084227583,10423467.75,31363017.97,1944579000,1000,1000,1000,0,0,0,0,0,0,0,0,0,0,0
